
Last position-specific scoring matrix computed, weighted observed percentages rounded down, information per position, and relative weight of gapless real matches to pseudocounts
            A   R   N   D   C   Q   E   G   H   I   L   K   M   F   P   S   T   W   Y   V   A   R   N   D   C   Q   E   G   H   I   L   K   M   F   P   S   T   W   Y   V
    1 M    -1  -1  -2  -3  -2   0  -2  -3  -2   1   2  -1   6   0  -3  -2  -1  -2  -1   1    0   0   0   0   0   0   0   0   0   0   0   0 100   0   0   0   0   0   0   0  0.33 0.00
    2 S     1  -1   1   0  -1   0   0   0  -1  -3  -3   0  -2  -3  -1   4   1  -3  -2  -2    0   0   0   0   0   0   0   0   0   0   0   0   0   0   0 100   0   0   0   0  0.45 0.00
    3 G     0  -2   0  -1  -3  -2  -2   6  -2  -4  -4  -2  -3  -3  -2   0  -2  -3  -3  -3    0   0   0   0   0   0   0 100   0   0   0   0   0   0   0   0   0   0   0   0  1.04 0.00
    4 L    -2  -2  -4  -4  -1  -2  -3  -4  -3   2   4  -3   2   0  -3  -3  -1  -2  -1   1    0   0   0   0   0   0   0   0   0   0 100   0   0   0   0   0   0   0   0   0  0.45 0.00
    5 A     4  -2  -2  -2   0  -1  -1   0  -2  -1  -2  -1  -1  -2  -1   1   0  -3  -2   0  100   0   0   0   0   0   0   0   0   0   0   0   0   0   0   0   0   0   0   0  0.40 0.00
    6 R    -2   6   0  -2  -4   1   0  -2   0  -3  -2   2  -1  -3  -2  -1  -1  -3  -2  -3    0 100   0   0   0   0   0   0   0   0   0   0   0   0   0   0   0   0   0   0  0.74 0.00
    7 L    -2  -2  -4  -4  -1  -2  -3  -4  -3   2   4  -3   2   0  -3  -3  -1  -2  -1   1    0   0   0   0   0   0   0   0   0   0 100   0   0   0   0   0   0   0   0   0  0.45 0.00
    8 Q    -1   4   0  -1  -3   4   1  -2   0  -3  -2   2  -1  -3  -2   0  -1  -2  -2  -3    0  50   0   0   0  50   0   0   0   0   0   0   0   0   0   0   0   0   0   0  0.56 0.00
    9 R    -1   4   0  -1  -2   1   0  -1   0  -1  -1   1  -1  -1  -1   0   0  -1  -1  -1    4  53   2   3   1   2   3   4   1   3   5   3   1   2   3   4   3   1   2   3  0.24 0.00
   10 L    -1  -1  -1  -1  -1  -1  -1  -1  -1   1   3  -1   1   0  -1  -1   0  -1  -1   0    4   3   2   3   1   2   3   4   1   3  55   3   1   2   3   4   3   1   2   3  0.09 0.00
   11 Q     0   1   0   0  -1   4   1  -1   0  -1  -1   1   0  -1   0   0   0  -1  -1  -1    4   3   2   3   1  52   3   4   1   3   5   3   1   2   3   4   3   1   2   3  0.23 0.00
   12 K    -1   2   0  -1  -3   1   1  -2  -1  -3  -3   5  -1  -3  -1   0  -1  -3  -2  -2    0   0   0   0   0   0   0   0   0   0   0 100   0   0   0   0   0   0   0   0  0.51 0.00
   13 F    -1  -2  -1  -2  -2  -2  -2  -2  -2   0   0  -2   0   5  -2   0   3   0   2   0    0   0   0   0   0   0   0   0   0   0   0   0   0  50   0   0  50   0   0   0  0.32 0.00
   14 G     3  -2  -1  -2  -1  -1  -2   4  -2  -2  -3  -1  -2  -3  -1   1  -1  -3  -2  -1   50   0   0   0   0   0   0  50   0   0   0   0   0   0   0   0   0   0   0   0  0.51 0.00
   15 F    -2  -3  -3  -4  -3  -3  -3  -3  -1   0   0  -3   0   6  -4  -3  -2   1   3  -1    0   0   0   0   0   0   0   0   0   0   0   0   0 100   0   0   0   0   0   0  0.73 0.00
   16 L    -2  -2  -4  -4  -1  -2  -3  -4  -3   2   4  -3   2   0  -3  -3  -1  -2  -1   1    0   0   0   0   0   0   0   0   0   0 100   0   0   0   0   0   0   0   0   0  0.45 0.00
   17 M    -1  -1  -2  -3  -2   0  -2  -3  -2   1   2  -1   6   0  -3  -2  -1  -2  -1   1    0   0   0   0   0   0   0   0   0   0   0   0 100   0   0   0   0   0   0   0  0.33 0.00
   18 V     0  -3  -3  -3  -1  -2  -3  -3  -3   3   1  -2   1  -1  -3  -2   0  -3  -1   4    0   0   0   0   0   0   0   0   0   0   0   0   0   0   0   0   0   0   0 100  0.34 0.00
   19 S     1  -1   1   0  -1   0   0   0  -1  -3  -3   0  -2  -3  -1   4   1  -3  -2  -2    0   0   0   0   0   0   0   0   0   0   0   0   0   0   0 100   0   0   0   0  0.45 0.00
   20 A     4  -2  -2  -2   0  -1  -1   0  -2  -1  -2  -1  -1  -2  -1   1   0  -3  -2   0  100   0   0   0   0   0   0   0   0   0   0   0   0   0   0   0   0   0   0   0  0.41 0.00
   21 S     0   3   0  -1  -2   0   0  -1  -1  -3  -3   1  -2  -3  -1   3   1  -3  -2  -2    0  38   0   0   0   0   0   0   0   0   0   0   0   0   0  62   0   0   0   0  0.37 0.00
   22 A     4  -2  -2  -2   0  -1  -1   0  -2  -1  -2  -1  -1  -2  -1   1   0  -3  -2   0  100   0   0   0   0   0   0   0   0   0   0   0   0   0   0   0   0   0   0   0  0.41 0.00
   23 N    -1  -1   5   1  -3  -1  -1   4   0  -4  -4  -1  -3  -3  -2   0  -1  -3  -3  -3    0   0  62   0   0   0   0  38   0   0   0   0   0   0   0   0   0   0   0   0  0.59 0.00
   24 R    -1   3  -2  -3   6  -1  -2  -3  -2   0   2   0   0  -1  -3  -1  -1  -2  -2   0    0  31   0   0  31   0   0   0   0   0  38   0   0   0   0   0   0   0   0   0  0.31 0.00
   25 P    -1   3  -2  -2  -3   0  -1  -2  -2  -3  -3   0  -2  -4   7  -1  -1  -4  -3  -3    0  31   0   0   0   0   0   0   0   0   0   0   0   0  69   0   0   0   0   0  1.29 0.00
   26 I    -1  -3  -3  -3  -1  -3  -3  -4  -3   4   2  -3   1   0  -3  -3  -1  -3  -1   3    0   0   0   0   0   0   0   0   0 100   0   0   0   0   0   0   0   0   0   0  0.39 0.00
   27 Q    -2   0  -1  -2  -3   4   0  -2  -1  -3  -2   0  -1  -1  -2  -1  -2   9   1  -3    0   0   0   0   0  51   0   0   0   0   0   0   0   0   0   0   0  49   0   0  1.05 0.00
   28 R    -2   6   0  -2  -4   1   0  -2   0  -3  -2   2  -1  -3  -2  -1  -1  -3  -2  -3    0 100   0   0   0   0   0   0   0   0   0   0   0   0   0   0   0   0   0   0  0.75 0.00
   29 Y    -1   2  -1  -2  -3  -1  -2   2   1  -2  -2   0  -2   1  -3  -1  -2   1   5  -2    0  24   0   0   0   0   0  25   0   0   0   0   0   0   0   0   0   0  51   0  0.39 0.00
   30 Q    -1   2   0  -1  -3   4   1  -2   0  -3  -2   4  -1  -3  -1   0  -1  -3  -2  -2    0   0   0   0   0  51   0   0   0   0   0  49   0   0   0   0   0   0   0   0  0.50 0.00
   31 C     0  -3  -2  -2   8  -2  -2  -2  -2  -2  -2  -2  -2  -3  -2   1   0  -3  -2  -1    0   0   0   0  74   0   0   0   0   0   0   0   0   0   0  26   0   0   0   0  0.82 0.00
   32 S     1  -1   1   0  -1   0   0   0  -1  -3  -3   0  -2  -3  -1   4   1  -3  -2  -2    0   0   0   0   0   0   0   0   0   0   0   0   0   0   0 100   0   0   0   0  0.46 0.00
   33 R     0   4   0  -1  -2   0   0  -1  -1  -3  -2   1  -2  -3  -1   3   1  -3  -2  -2    0  42   0   0   0   0   0   0   0   0   0   0   0   0   0  58   0   0   0   0  0.38 0.00
   34 T     0  -2   0  -1  -2  -1  -2   4  -2  -2  -3  -1  -2  -3  -2   1   3  -3  -3  -2    0   0   0   0   0   0   0  58   0   0   0   0   0   0   0   0  42   0   0   0  0.53 0.00
   35 E    -1   0   4   1  -3   1   4  -1   0  -3  -3   0  -2  -3  -2   0  -1  -3  -2  -3    0   0  43   0   0   0  57   0   0   0   0   0   0   0   0   0   0   0   0   0  0.57 0.01
   36 K    -1   1   0   1  -4   3   4  -2   0  -3  -3   3  -1  -3  -1   0  -1  -3  -2  -3    0   0   0   0   0  26  43   0   0   0   0  31   0   0   0   0   0   0   0   0  0.51 0.01
   37 P    -1  -2  -2  -2  -3  -1  -1  -2   2  -3  -3  -1  -3  -4   8  -1  -1  -4  -2  -3    0   0   0   0   0   0   0   0  12   0   0   0   0   0  88   0   0   0   0   0  1.78 0.03
   38 Q     2   0  -1   0  -2   3   4  -1   0  -3  -2   0  -1  -3  -1   0  -1  -3  -2  -2   33   0   0   0   0  24  43   0   0   0   0   0   0   0   0   0   0   0   0   0  0.40 0.02
   39 K     1   1   0   2  -3   1   3  -1  -1  -3  -3   3  -2  -3  -1   0  -1  -3  -2  -2   20   0   0  12   0   0  33   0   0   0   0  35   0   0   0   0   0   0   0   0  0.36 0.01
   40 R     0   1   2   0  -1   0   0   0   0  -2  -2   0  -1  -2  -1   3   1  -2  -1  -2    2  13  13   1   0   1   1   2   1   1   2   1   1   1   1  55   1   0   1   1  0.25 0.01
   41 T     0  -1   4   0  -1   0   0  -1   0  -2  -2   0  -1  -2  -1   2   2  -2  -1  -1    2   1  34   1   0   1   1   2   1   1   2   1   1   1   1  21  25   0   1   1  0.27 0.01
   42 S     0   0   0   0  -2   2   0  -1   2  -2  -2   2  -1  -2  -1   2   1  -2  -1  -1    2   1   1   1   0  12   1   2  11   1   2  21   1   1   1  26  13   0   1   1  0.18 0.01
   43 A     3  -2  -2  -2  -1  -1  -1  -1  -2   1  -1  -1   0  -2  -1   0   2  -3  -2   2   44   0   0   0   0   0   0   0   0   0   0   0   0   0   0   0  23   0   0  33  0.22 0.01
   44 N    -1  -1   4   1  -2   0   2  -1   0  -2  -3   0  -2  -3  -2   1   3  -3  -2  -2    0   0  47   0   0   0  20   0   0   0   0   0   0   0   0   0  33   0   0   0  0.42 0.02
   45 A     1  -1   0  -1  -2  -1  -1  -1   4  -3  -3  -1  -2  -3   4   2   0  -3  -1  -2   21   0   0   0   0   0   0   0  21   0   0   0   0   0  29  30   0   0   0   0  0.52 0.02
   46 L    -1  -2  -3  -4  -2  -2  -3  -4  -3   2   3  -2   4   0  -3  -2  -1  -2  -1   1    0   0   0   0   0   0   0   0   0  12  55   0  33   0   0   0   0   0   0   0  0.40 0.02
   47 L     1  -1  -2  -3  -2  -1  -2  -2  -2   1   3   1   1  -1  -2  -1  -1  -2  -2   0   17   0   0   0   0   0   0   0   0   0  63  20   0   0   0   0   0   0   0   0  0.20 0.02
   48 N    -1   4   2  -1  -3   1   0  -2   0  -3  -3   4  -2  -3  -2   0  -1  -3  -2  -3    0  33  19   0   0   0   0   0   0   0   0  48   0   0   0   0   0   0   0   0  0.50 0.02
   49 H    -2  -1   0  -2  -3   2   0  -3   7  -3  -2  -1  -1   3  -3  -1  -2  -2   2  -3    0   0   0   0   0  17   0   0  63   0   0   0   0  20   0   0   0   0   0   0  0.63 0.04
   50 L    -2  -2  -4  -4  -2  -2  -3  -4  -3   1   4  -3   2   0  -3  -3  -1  -2  -1   1    0   0   0   0   0   0   0   0   0   0 100   0   0   0   0   0   0   0   0   0  0.54 0.03
   51 I     0   1  -2  -3  -2  -1  -2  -3  -2   2   1  -1   3  -1  -2  -1  -1  -3  -2   2   12  17   0   0   0   0   0   0   0  28   0   0  24   0   0   0   0   0   0  20  0.16 0.02
   52 F     1  -2  -1   2  -2  -1  -1  -2   0  -2  -1  -2  -1   3  -2   0  -1   0   4  -1   17   0   0  20   0   0   0   0   0   0   0   0   0  19   0  12   0   0  33   0  0.29 0.02
   53 K    -1   2   0  -1  -3   1   1  -2  -1  -3  -3   5  -2  -4  -1   0  -1  -3  -2  -3    0   0   0   0   0   0   0   0   0   0   0 100   0   0   0   0   0   0   0   0  0.64 0.04
   54 I    -2  -3  -4  -4  -2  -3  -4  -4  -4   5   1  -3   1   0  -3  -3  -1  -3  -2   3    0   0   0   0   0   0   0   0   0 100   0   0   0   0   0   0   0   0   0   0  0.51 0.04
   55 K    -1   3  -1  -2  -3   1   0  -2  -1   0   0   4  -1  -2  -2  -1  -1  -3  -2  -1    0  17   0   0   0   0   0   0   0  10  14  60   0   0   0   0   0   0   0   0  0.32 0.03
   56 S     1  -2  -1  -1  -1  -1  -1  -1  -2   0  -1  -1  -1  -2  -2   3   1  -3  -2   2   10   0   0   0   0   0   0   0   0   0   0   0   0   0   0  57   0   0   0  33  0.25 0.03
   57 T     0   2   0  -1  -1   0  -1  -2  -2  -2  -2   0  -1  -3  -1   2   4  -3  -2  -1    0  17   0   0   0   0   0   0   0   0   0   0   0   0   0  17  67   0   0   0  0.42 0.04
   58 G     0  -3  -1  -2  -3  -2  -3   6  -2  -4  -4  -2  -3  -4  -3  -1  -2  -3  -4  -4    0   0   0   0   0   0   0 100   0   0   0   0   0   0   0   0   0   0   0   0  1.19 0.05
   59 P    -1  -3  -2  -2  -3  -2  -2  -3  -3  -3  -3  -1  -3  -4   8  -1  -2  -4  -3  -3    0   0   0   0   0   0   0   0   0   0   0   0   0   0 100   0   0   0   0   0  2.19 0.07
   60 I    -2  -3  -3  -4  -2  -3  -3  -4  -3   5   1  -3   3   0  -3  -3  -1  -3  -2   2    0   0   0   0   0   0   0   0   0  83   0   0  17   0   0   0   0   0   0   0  0.47 0.05
   61 T     0  -1   0  -1  -1  -1  -1  -2  -2  -2  -2  -1  -1  -3   3   2   4  -3  -2  -1    0   0   0   0   0   0   0   0   0   0   0   0   0   0  14  26  60   0   0   0  0.49 0.04
   62 V    -1  -3  -3  -4  -1  -3  -3  -4  -4   3   1  -3   1  -1  -3  -2   0  -3  -2   4    0   0   0   0   0   0   0   0   0  17   0   0   0   0   0   0   0   0   0  83  0.45 0.04
   63 S     4  -2  -1   2  -1  -1   0   0  -2  -2  -2  -1  -2  -3  -1   2   0  -3  -2  -1   68   0   0  17   0   0   0   0   0   0   0   0   0   0   0  16   0   0   0   0  0.36 0.03
   64 E    -1  -1  -1   1  -3   1   5  -2  -1  -3  -3   0  -2  -3  -1   0   1  -3  -2  -2    0   0   0   0   0   0  83   0   0   0   0   0   0   0   0   0  17   0   0   0  0.68 0.05
   65 Y    -2  -2  -3  -4  -3  -2  -3  -4   1  -1  -1  -2  -1   4  -4  -2  -2   2   7  -2    0   0   0   0   0   0   0   0   0   0   0   0   0  17   0   0   0   0  83   0  1.00 0.06
   66 M    -1  -2  -3  -4  -2  -1  -3  -3  -2   2   2  -2   7   0  -3  -2  -1  -2  -1   1    0   0   0   0   0   0   0   0   0  17   0   0  83   0   0   0   0   0   0   0  0.55 0.07
   67 R    -1   4  -1  -1  -4   1   0  -2  -1  -3  -3   4  -2  -3  -2  -1  -1  -3  -2  -3    0  39   0   0   0   0   0   0   0   0   0  61   0   0   0   0   0   0   0   0  0.63 0.04
   68 E    -1  -1  -1   1  -3   1   5  -2  -1  -3  -3   0  -2  -3  -1   0   1  -3  -2  -2    0   0   0   0   0   0  83   0   0   0   0   0   0   0   0   0  17   0   0   0  0.68 0.05
   69 V     1  -3  -3  -3   4  -2  -3  -3  -3   2   0  -3   0  -1  -3  -1   0  -3  -2   4   10   0   0   0  17   0   0   0   0   0   0   0   0   0   0   0   0   0   0  74  0.37 0.04
   70 L    -1  -3  -4  -4  -1  -2  -3  -4  -3   2   4  -3   2   0  -3  -3  -1  -2  -1   2    0   0   0   0   0   0   0   0   0   0  83   0   0   0   0   0   0   0   0  17  0.47 0.03
   71 T     0  -1   0  -1  -1  -1  -1  -2  -2  -1  -2  -1  -1  -3  -1   2   5  -3  -2  -1    0   0   0   0   0   0   0   0   0   0   0   0   0   0   0  17  83   0   0   0  0.55 0.05
   72 N     1  -1   6   1  -3   0  -1  -1   0  -3  -3  -1  -2  -3  -2   0   0  -4  -2  -3   17   0  83   0   0   0   0   0   0   0   0   0   0   0   0   0   0   0   0   0  0.70 0.05
   73 P    -1  -3  -2  -2  -3  -2  -2  -3  -3  -3  -3  -1  -3  -4   8  -1  -2  -4  -3  -3    0   0   0   0   0   0   0   0   0   0   0   0   0   0 100   0   0   0   0   0  2.19 0.07
   74 V     2   0  -2  -2  -1   1  -1  -2  -2   0   1   1   0  -2  -2   0  -1  -3  -2   1   28   0   0   0   0  14   0   0   0   0  17  17   0   0   0   0   0   0   0  25  0.11 0.02
   75 K     1   0  -1  -2  -2   0  -1  -2  -1   0   0   3   0   0  -2  -1  -1  -1   3   1   14   0   0   0   0   0   0   0   0   0  10  44   0   0   0   0   0   0  17  17  0.15 0.02
   76 G     0  -3  -1  -2  -3  -2  -3   6  -2  -4  -4  -2  -3  -4  -3  -1  -2  -3  -4  -4    0   0   0   0   0   0   0 100   0   0   0   0   0   0   0   0   0   0   0   0  1.19 0.05
   77 Y    -2  -2  -3  -4  -3  -2  -3  -4   1  -2  -2  -2  -1   3  -4  -2  -2   2   8  -2    0   0   0   0   0   0   0   0   0   0   0   0   0   0   0   0   0   0 100   0  1.16 0.07
   78 Y    -2  -2  -3  -4  -3  -2  -3  -4   1  -2  -2  -2  -1   3  -4  -2  -2   2   8  -2    0   0   0   0   0   0   0   0   0   0   0   0   0   0   0   0   0   0 100   0  1.16 0.07
   79 M    -1  -2  -2  -3  -2  -1  -3   1  -2   1   1  -2   5  -1  -3  -2  -1  -2  -2   2    0   0   0   0   0   0   0  17   0   0   0   0  54   0   0   0   0   0   0  30  0.29 0.04
   80 H    -2   0   4   0  -3   2   0  -2   5  -3  -3   1  -2  -2  -2   0  -1  -2   1  -3    0   0  38   0   0  17   0   0  29   0   0  10   0   0   0   0   0   0   7   0  0.47 0.03
   81 N    -1   3   2  -1  -3   3   0  -2   3  -3  -3   2  -1  -3  -2   0  -1  -3  -1  -3    0  28  17   0   0  23   0   0  14   0   0  17   0   0   0   0   0   0   0   0  0.43 0.03
   82 D    -2  -1   1   6  -4   0   1  -2  -1  -4  -4   1  -3  -4  -2  -1  -1  -5  -3  -3    0   0   0  83   0   0   0   0   0   0   0  17   0   0   0   0   0   0   0   0  0.87 0.05
   83 M    -1  -2  -3  -4  -1  -1  -3  -3  -3   2   1  -2   5  -1  -3  -2  -1  -2  -1   3    0   0   0   0   0   0   0   0   0   0   0   0  53   0   0   0   0   0   0  47  0.40 0.05
   84 L    -2  -3  -4  -4  -2  -3  -3  -4  -2   1   3  -3   1   5  -4  -3  -2   0   1   0    0   0   0   0   0   0   0   0   0   0  53   0   0  47   0   0   0   0   0   0  0.51 0.04
   85 G     0  -3  -1  -2  -3  -2  -3   6  -2  -4  -4  -2  -3  -4  -3  -1  -2  -3  -4  -4    0   0   0   0   0   0   0 100   0   0   0   0   0   0   0   0   0   0   0   0  1.19 0.05
   86 E     2   2  -1   0  -3   1   4  -1  -1  -3  -3   2  -2  -3  -1   0  -1  -3  -2  -2   26  14   0   0   0   0  44   0   0   0   0  17   0   0   0   0   0   0   0   0  0.38 0.03
   87 H    -1   0   0   0  -3   1   2   3   3  -3  -3   3  -2  -3  -2   0  -1  -3  -1  -3    0   0   0   0   0   0  21  26  16   0   0  37   0   0   0   0   0   0   0   0  0.37 0.03
   88 G     0  -3  -1  -2  -3  -2  -3   6  -2  -4  -4  -2  -3  -4  -3  -1  -2  -3  -4  -4    0   0   0   0   0   0   0 100   0   0   0   0   0   0   0   0   0   0   0   0  1.19 0.05
   89 D    -2  -2   1   7  -4  -1   1  -2  -2  -4  -4  -1  -4  -4  -2  -1  -1  -5  -4  -4    0   0   0 100   0   0   0   0   0   0   0   0   0   0   0   0   0   0   0   0  1.12 0.06
   90 F    -3  -3  -4  -4  -3  -4  -4  -4  -2  -1   0  -4   0   7  -4  -3  -3   1   3  -1    0   0   0   0   0   0   0   0   0   0   0   0   0 100   0   0   0   0   0   0  0.99 0.06
   91 V    -1  -3  -4  -4  -1  -3  -4  -4  -4   5   1  -3   1  -1  -3  -3  -1  -3  -2   3    0   0   0   0   0   0   0   0   0  84   0   0   0   0   0   0   0   0   0  16  0.49 0.04
   92 T     0  -2   0  -1  -1  -1  -1  -2  -2  -1  -2  -1  -1  -3  -1   1   6  -3  -2   0    0   0   0   0   0   0   0   0   0   0   0   0   0   0   0   0 100   0   0   0  0.66 0.06
   93 S     2  -1   0  -1  -1   0  -1   0  -1  -3  -3  -1  -2  -3  -1   4   1  -3  -2  -2   17   0   0   0   0   0   0   0   0   0   0   0   0   0   0  83   0   0   0   0  0.50 0.05
   94 P    -1  -3  -2  -2  -3  -2  -2  -3  -3  -3  -3  -1  -3  -4   8  -1  -2  -4  -3  -3    0   0   0   0   0   0   0   0   0   0   0   0   0   0 100   0   0   0   0   0  2.19 0.07
   95 E    -1   0  -1   1  -4   2   6  -3   0  -4  -3   1  -2  -4  -2   0  -1  -3  -2  -3    0   0   0   0   0   0 100   0   0   0   0   0   0   0   0   0   0   0   0   0  0.90 0.06
   96 I    -1  -3  -4  -4  -1  -3  -3  -4  -3   4   2  -3   1   0  -3  -3  -1  -3  -1   3    0   0   0   0   0   0   0   0   0  59  24   0   0   0   0   0   0   0   0  17  0.41 0.03
   97 S     1  -1   0  -1  -1   0  -1  -1  -1  -2  -3  -1  -2  -3  -1   4   2  -3  -2  -2    0   0   0   0   0   0   0   0   0   0   0   0   0   0   0  83  17   0   0   0  0.51 0.05
   98 Q    -1   1   0  -1  -3   6   2  -2   0  -3  -3   1  -1  -4  -2   0  -1  -2  -2  -3    0   0   0   0   0 100   0   0   0   0   0   0   0   0   0   0   0   0   0   0  0.89 0.07
   99 I    -2  -3  -4  -4  -2  -3  -3  -4  -3   4   3  -3   2   0  -3  -3  -1  -2  -1   2    0   0   0   0   0   0   0   0   0  59  33   0   7   0   0   0   0   0   0   0  0.41 0.03
  100 F    -3  -3  -4  -4  -3  -4  -4  -4  -2  -1   0  -4   0   7  -4  -3  -3   1   3  -1    0   0   0   0   0   0   0   0   0   0   0   0   0 100   0   0   0   0   0   0  0.99 0.06
  101 G     0  -3  -1  -2  -3  -2  -3   6  -2  -4  -4  -2  -3  -4  -3  -1  -2  -3  -4  -4    0   0   0   0   0   0   0 100   0   0   0   0   0   0   0   0   0   0   0   0  1.19 0.05
  102 E    -1   0  -1   1  -4   2   6  -3   0  -4  -3   1  -2  -4  -2   0  -1  -3  -2  -3    0   0   0   0   0   0 100   0   0   0   0   0   0   0   0   0   0   0   0   0  0.90 0.06
  103 L    -2  -2  -3  -4  -2  -2  -3  -4  -3   1   4  -2   4   0  -3  -2  -1  -2  -1   1    0   0   0   0   0   0   0   0   0   0  67   0  33   0   0   0   0   0   0   0  0.47 0.04
  104 L    -1  -3  -4  -4  -1  -3  -3  -4  -3   3   3  -3   2   0  -3  -3  -1  -2  -1   2    0   0   0   0   0   0   0   0   0  33  53   0   0   0   0   0   0   0   0  14  0.40 0.03
  105 G     0  -3  -1  -2  -3  -2  -3   6  -2  -4  -4  -2  -3  -4  -3  -1  -2  -3  -4  -4    0   0   0   0   0   0   0 100   0   0   0   0   0   0   0   0   0   0   0   0  1.19 0.05
  106 V    -1  -3  -3  -4  -1  -3  -3  -4  -4   4   1  -3   1  -1  -3  -2  -1  -3  -2   4    0   0   0   0   0   0   0   0   0  45   0   0   0   0   0   0   0   0   0  55  0.43 0.04
  107 W    -3  -3  -4  -5  -3  -3  -4  -3  -3  -3  -2  -4  -2   0  -4  -3  -3  12   2  -4    0   0   0   0   0   0   0   0   0   0   0   0   0   0   0   0   0 100   0   0  2.75 0.10
  108 C    -1  -3  -3  -4   7  -3  -4  -3  -3   0   1  -3   0   3  -3  -2  -1  -1   0   1    0   0   0   0  42   0   0   0   0   0  14   0   0  28   0   0   0   0   0  17  0.54 0.04
  109 I    -1  -3  -3  -4  -1  -3  -3  -4  -3   3   1  -3   1   2  -3  -2  -1  -2   0   3    0   0   0   0   0   0   0   0   0  40   0   0   0  17   0   0   0   0   0  44  0.36 0.03
  110 S     2  -1   0  -1  -1   0   0  -1   4  -3  -3  -1  -2  -2  -1   4   1  -3  -1  -2   17   0   0   0   0   0   0   0  17   0   0   0   0   0   0  67   0   0   0   0  0.40 0.04
  111 E    -1  -1  -1   1  -3   1   5  -2  -1  -3  -3   0  -2  -3  -1   0   1  -3  -2  -2    0   0   0   0   0   0  83   0   0   0   0   0   0   0   0   0  17   0   0   0  0.68 0.05
  112 W    -3  -3  -4  -5  -3  -3  -3  -3  -3  -2   1  -3  -1   0  -4  -3  -3  11   2  -2    0   0   0   0   0   0   0   0   0   0  17   0   0   0   0   0   0  83   0   0  2.11 0.08
  113 V     1   1  -2  -2  -2   0   1  -2  -2   1   0   0   3  -1  -2  -1  -1  -3  -2   1   17  14   0   0   0   0  17   0   0  14   0   0  31   0   0   0   0   0   0   8  0.12 0.02
  114 S     3  -1   2  -1  -1   0  -1   0  -1  -2  -2   1  -1  -3  -1   2   0  -3  -2  -1   54   0  17   0   0   0   0   0   0   0   0  14   0   0   0  16   0   0   0   0  0.29 0.03
  115 A     2  -1  -1  -2  -1  -1  -1  -1  -2   0   0  -1   3  -2  -2   1   2  -2  -2   0   33   0   0   0   0   0   0   0   0   0   0   0  30   0   0  13  24   0   0   0  0.22 0.03
  116 G     0  -3  -1  -2  -3  -2  -3   6  -2  -4  -4  -2  -3  -4  -3  -1  -2  -3  -4  -4    0   0   0   0   0   0   0 100   0   0   0   0   0   0   0   0   0   0   0   0  1.19 0.05
  117 K    -1   1   0  -1  -3   1   0  -2   4  -3  -3   4  -2  -3  -1   1  -1  -3  -1  -3    0   0   0   0   0   0   0   0  17   0   0  70   0   0   0  14   0   0   0   0  0.46 0.04
  118 P     0  -1   1  -1  -2   0  -1  -2  -1  -3  -3   1  -2  -3   6   2   0  -4  -3  -2    0   0   7   0   0   0   0   0   0   0   0  17   0   0  46  30   0   0   0   0  0.82 0.03
  119 K     1   0   0  -1  -2   0   0   2  -1  -3  -3   2  -2  -3   1   2   1  -3  -2  -2    7   0   0   0   0   0   0  17   0   0   0  32   0   0   7  23  14   0   0   0  0.27 0.02
  120 A     3  -1  -1  -1  -1   0  -1  -1  -2  -2  -2   1  -2  -3   3   2   0  -3  -2  -1   45   0   0   0   0   0   0   0   0   0   0  17   0   0  14  24   0   0   0   0  0.35 0.03
  121 I    -2  -3  -4  -4  -2  -3  -3  -4  -2   1   2  -3   1   5  -4  -3  -2   6   2   0    0   0   0   0   0   0   0   0   0   8  34   0   0  41   0   0   0  17   0   0  0.58 0.03
  122 Q    -1   1   0  -1  -3   6   2  -2   0  -3  -3   1  -1  -4  -2   0  -1  -2  -2  -3    0   0   0   0   0 100   0   0   0   0   0   0   0   0   0   0   0   0   0   0  0.89 0.07
  123 L    -2  -3  -4  -4  -2  -3  -3  -4  -3   2   4  -3   2   0  -3  -3  -1  -2  -1   1    0   0   0   0   0   0   0   0   0  17  83   0   0   0   0   0   0   0   0   0  0.50 0.04
  124 V     0  -3  -3  -4  -1  -3  -3  -4  -4   2   1  -3   0  -1  -3  -2   0  -3  -2   5    0   0   0   0   0   0   0   0   0   0   0   0   0   0   0   0   0   0   0 100  0.50 0.05
  125 E    -1   0  -1   1  -4   2   6  -3   0  -4  -3   1  -2  -4  -2   0  -1  -3  -2  -3    0   0   0   0   0   0 100   0   0   0   0   0   0   0   0   0   0   0   0   0  0.90 0.06
  126 L    -2  -2  -4  -4  -2  -2  -3  -4  -3   1   4  -3   3   0  -3  -3  -1  -2  -1   1    0   0   0   0   0   0   0   0   0   0  83   0  17   0   0   0   0   0   0   0  0.50 0.04
  127 G     0  -3  -1  -2  -3  -2  -3   6  -2  -4  -4  -2  -3  -4  -3  -1  -2  -3  -4  -4    0   0   0   0   0   0   0 100   0   0   0   0   0   0   0   0   0   0   0   0  1.19 0.05
  128 P    -1  -3  -2  -2  -3  -2  -2  -3  -3  -3  -3  -1  -3  -4   8  -1  -2  -4  -3  -3    0   0   0   0   0   0   0   0   0   0   0   0   0   0 100   0   0   0   0   0  2.19 0.07
  129 G     0  -3  -1  -2  -3  -2  -3   6  -2  -4  -4  -2  -3  -4  -3  -1  -2  -3  -4  -4    0   0   0   0   0   0   0 100   0   0   0   0   0   0   0   0   0   0   0   0  1.19 0.05
  130 R    -2   6  -1  -2  -4   1   0  -3  -1  -3  -3   2  -2  -3  -2  -1  -1  -3  -2  -3    0  93   0   0   0   0   0   0   0   0   0   7   0   0   0   0   0   0   0   0  0.88 0.05
  131 G     1  -3  -1  -2  -2  -2  -2   6  -2  -4  -4  -2  -3  -3  -2   0  -2  -3  -3  -3   17   0   0   0   0   0   0  83   0   0   0   0   0   0   0   0   0   0   0   0  0.92 0.04
  132 T     0  -1   0  -1  -1   2   0  -2  -1  -1  -2   0  -1  -3  -1   2   5  -3  -2  -1    0   0   0   0   0  17   0   0   0   0   0   0   0   0   0  10  74   0   0   0  0.46 0.04
  133 L    -2  -3  -4  -4  -2  -3  -3  -4  -3   1   5  -3   2   0  -3  -3  -2  -2  -1   1    0   0   0   0   0   0   0   0   0   0 100   0   0   0   0   0   0   0   0   0  0.58 0.04
  134 T     1  -2  -1  -2  -1  -1  -2  -2  -2   0   1  -1   4  -1  -2   0   3  -2  -2   1   14   0   0   0   0   0   0   0   0   0   7   0  33   0   0   0  39   0   0   7  0.23 0.03
  135 D     1   2   2   2  -2   0   0   2  -1  -3  -3   2  -2  -3  -2   1  -1  -3  -2  -2   13  14  17  16   0   0   0  15   0   0   0  17   0   0   0  10   0   0   0   0  0.27 0.01
  136 D    -2  -2   1   7  -4  -1   1  -2  -2  -4  -4  -1  -4  -4  -2  -1  -1  -5  -4  -4    0   0   0 100   0   0   0   0   0   0   0   0   0   0   0   0   0   0   0   0  1.12 0.06
  137 L    -1  -3  -4  -4  -1  -3  -3  -4  -3   4   2  -3   1   0  -3  -2  -1  -3  -1   3    0   0   0   0   0   0   0   0   0  54  16   0   0   0   0   0   0   0   0  30  0.40 0.03
  138 L    -2  -3  -4  -4  -2  -3  -3  -4  -3   1   5  -3   2   0  -3  -3  -2  -2  -1   1    0   0   0   0   0   0   0   0   0   0 100   0   0   0   0   0   0   0   0   0  0.58 0.04
  139 R    -2   5   2  -1  -4   1   0  -2   0  -3  -3   3  -2  -3  -2  -1  -1  -3  -2  -3    0  70  17   0   0   0   0   0   0   0   0  14   0   0   0   0   0   0   0   0  0.66 0.04
  140 V     1  -2  -2  -3  -1  -2  -2  -2  -3   2   0  -2   0  -2  -2   1   0  -3  -2   4   17   0   0   0   0   0   0   0   0   0   0   0   0   0   0  17   0   0   0  67  0.24 0.03
  141 F    -2  -3  -3  -3  -2  -3  -3  -3  -2   0   2  -3   1   5  -3  -2   1   0   2   0    0   0   0   0   0   0   0   0   0   0  30   0   0  53   0   0  17   0   0   0  0.41 0.03
  142 S     2   0   0  -1  -1   0   0  -1  -1  -2  -2   1  -1  -3  -1   3   2  -3  -2  -1   17   0   0   0   0   0   0   0   0   0   0  17   0   0   0  46  21   0   0   0  0.32 0.03
  143 N    -1   1   2  -1  -3   4   1  -2   0  -1  -2   3  -1  -3  -2   0  -1  -3  -2   0    0   0  16   0   0  37   0   0   0   0   0  30   0   0   0   0   0   0   0  17  0.31 0.03
  144 F    -2  -3  -4  -4  -2  -3  -3  -4  -2   0   3  -3   1   6  -4  -3  -2   0   2   0    0   0   0   0   0   0   0   0   0   0  37   0   0  63   0   0   0   0   0   0  0.59 0.04
  145 G     0   0   0  -1  -2   0   0   4  -1  -3  -3   3  -2  -3  -1   0  -1  -2  -2  -2    1   1   1   1   0   1   1  45   0   1   1  41   0   1   1   1   1   0   1   1  0.41 0.02
  146 R     0   2   0   0  -2   2   2   1   0  -2  -2   1  -1  -2  -1   2   0  -2  -2  -2    1  17   1   1   0  14  18  11   0   1   1   1   0   1   1  29   1   0   1   1  0.24 0.01
  147 L    -1  -2  -2  -2  -1  -1  -2  -2  -2   1   2  -2   1   2  -1  -1  -1  -1   0   2    2   2   1   2   1   1   2   2   1   2  26   2   1  18   2   2   2   0   1  32  0.12 0.01
  148 L    -1  -1  -2  -2  -1  -1  -2  -2  -1   1   3  -1   1   1  -2  -1  -1   0   3   0    2   2   1   2   1   1   2   2   1   2  56   2   1   1   2   2   2   0  18   2  0.18 0.01
  149 D    -1   0   3   3  -3   0   0   1  -1  -3  -3   2  -2  -3  -1   0  -1  -3  -2  -2    1   1  25  25   0   1   1  11   0   1   1  29   0   1   1   1   1   0   0   1  0.33 0.02
  150 S     0  -1   2   4  -2   0   1  -1  -1  -3  -3   0  -2  -3  -1   2   1  -4  -2  -2    0   0  15  30   0   0  10   0   0   0   0   0   0   0   0  32  13   0   0   0  0.41 0.02
  151 C     1  -1  -1  -2   7  -1  -1  -1  -2  -1  -1   1  -1  -2  -1   0   1  -2  -2  -1   15   1   1   1  44   1   1   1   0   1   2  18   0   1   1   1  11   0   1   1  0.42 0.03
  152 D     0  -1   1   5  -3   0   2   1  -1  -3  -3  -1  -2  -3  -1   0  -1  -3  -2  -2    8   1   1  54   0   1  15  11   0   1   2   1   0   1   1   1   1   0   1   1  0.47 0.02
  153 I    -1  -3  -4  -4  -2  -3  -3  -4  -3   4   1  -3   1   2  -3  -3  -1  -2   0   3    0   0   0   0   0   0   0   0   0  70   0   0   0  14   0   0   0   0   0  17  0.41 0.04
  154 S     1  -1   0  -1  -1   0   0  -1  -1  -3  -3  -1  -2  -3  -1   5   1  -3  -2  -2    0   0   0   0   0   0   0   0   0   0   0   0   0   0   0 100   0   0   0   0  0.60 0.06
  155 V    -1  -3  -3  -4  -1  -2  -3  -4  -3   3   2  -3   3  -1  -3  -2  -1  -3  -1   4    0   0   0   0   0   0   0   0   0  23   7   0  14   0   0   0   0   0   0  56  0.36 0.03
  156 H    -2  -1   0  -2  -4   0  -1  -3   9  -4  -3  -1  -2  -2  -3  -1  -2  -3   1  -4    0   0   0   0   0   0   0   0 100   0   0   0   0   0   0   0   0   0   0   0  1.24 0.08
  157 L    -2  -2  -4  -4  -2  -2  -3  -4  -3   1   4  -3   3   0  -3  -3  -1  -2  -1   1    0   0   0   0   0   0   0   0   0   0  86   0  14   0   0   0   0   0   0   0  0.51 0.04
  158 V     0  -3  -3  -4  -1  -3  -3  -4  -4   2   1  -3   0  -1  -3  -2   0  -3  -2   5    0   0   0   0   0   0   0   0   0   0   0   0   0   0   0   0   0   0   0 100  0.50 0.05
  159 E    -1   0  -1   1  -4   2   6  -3   0  -4  -3   1  -2  -4  -2   0  -1  -3  -2  -3    0   0   0   0   0   0 100   0   0   0   0   0   0   0   0   0   0   0   0   0  0.90 0.06
  160 V     1  -2  -2  -3  -1  -2  -2  -2  -3   2   0  -2   0  -1  -2  -1   2  -3  -2   4   17   0   0   0   0   0   0   0   0   0   0   0   0   0   0   0  17   0   0  67  0.27 0.03
  161 S     1  -1   0  -1  -1   0   0  -1  -1  -3  -3  -1  -2  -3  -1   5   1  -3  -2  -2    0   0   0   0   0   0   0   0   0   0   0   0   0   0   0 100   0   0   0   0  0.60 0.06
  162 P    -1  -1  -1   2  -3   3   0  -2  -1  -3  -3   0  -2  -4   6  -1  -1  -4  -3  -3    0   0   0  17   0  28   0   0   0   0   0   0   0   0  56   0   0   0   0   0  1.09 0.04
  163 K     2   1  -1  -2  -2   0   0  -1  -1  -2  -2   4  -1   1  -1   0  -1  -2  -1  -1   33   0   0   0   0   0   0   0   0   0   0  53   0  14   0   0   0   0   0   0  0.26 0.03
  164 L    -2  -2   1  -2  -2  -2  -3  -3  -2   1   4  -2   2   0  -3  -2  -1  -2  -1   0    0   0  17   0   0   0   0   0   0   0  83   0   0   0   0   0   0   0   0   0  0.37 0.04
  165 S     0   0   0  -1  -1   0   0  -1  -1   0  -2   1  -1  -2  -1   4   1  -3  -2  -1    0   0   0   0   0   0   0   0   0  17   0  17   0   0   0  67   0   0   0   0  0.28 0.04
  166 D    -1   0   0   4  -4   2   3  -2  -1  -3  -3   3  -2  -4  -1   0  -1  -4  -2  -3    0   0   0  32   0  10  28   0   0   0   0  30   0   0   0   0   0   0   0   0  0.52 0.03
  167 I     1  -2  -2  -1  -1  -1   1  -2  -2   3   0  -1   0  -1  -2  -1   1  -3  -2   2   14   0   0   0   0   0  17   0   0  44   0   0   0   0   0   0  17   0   0  10  0.15 0.02
  168 Q    -1   1   0  -1  -3   6   2  -2   0  -3  -3   1  -1  -4  -2   0  -1  -2  -2  -3    0   0   0   0   0 100   0   0   0   0   0   0   0   0   0   0   0   0   0   0  0.89 0.07
  169 A     4   0  -1  -1  -1   0   2  -1  -1  -2  -2   1  -1  -3  -1   1   0  -3  -2  -1   67   0   0   0   0   0  17   0   0   0   0  17   0   0   0   0   0   0   0   0  0.33 0.03
  170 Q    -1   0  -1  -1  -3   4   2  -3  -1  -1   1   2   0  -2  -2  -1  -1  -2  -2  -1    0   0   0   0   0  46  10   0   0   0  28  17   0   0   0   0   0   0   0   0  0.31 0.03
  171 R    -1   3   2  -1   3   0  -1  -2  -1  -2  -2   0  -2  -3  -2   1   2  -3  -2  -2    0  29  17   0  10   0   0   0   0   0   0   0   0   0   0  17  28   0   0   0  0.30 0.03
  172 L    -2  -3  -4  -4  -2  -3  -3  -4  -3   1   4  -3   2   2  -3  -3  -2  -1   0   0    0   0   0   0   0   0   0   0   0   0  86   0   0  14   0   0   0   0   0   0  0.50 0.04
  173 T     0  -2  -1  -2   6  -2  -2  -2  -3  -1   1  -2   0  -2  -2   0   3  -3  -2   0    7   0   0   0  30   0   0   0   0   0  17   0   0   0   0   0  46   0   0   0  0.41 0.04
  174 G    -1  -1  -1  -1  -3   0   2   2   0   0  -1   0  -1   0  -2  -1  -1   0   4  -1    0   0   0   0   0   0  21  25   0  17   0   7   0   0   0   0   0   0  30   0  0.22 0.02
  175 K    -1   0   1   0  -3   1   3  -2   0  -3  -3   3  -2  -1  -2   1  -1  -1   2  -2    0   0  10   0   0   0  28   0   0   0   0  32   0   0   0  14   0   0  17   0  0.30 0.02
  176 S     0   0   0   2  -2   1   0  -1   3  -2  -2   2  -1  -3  -1   1   2  -3  -1  -2    8   0   0  17   0  10   0   0  14   0   0  21   0   0   0   8  23   0   0   0  0.24 0.02
  177 I     0   0  -1  -2  -2   1   0  -2  -2   1   0   1   0  -2  -2   1   1  -3  -2   2    0   0   0   0   0  14   0   0   0  16   0  17   0   0   0  17  10   0   0  28  0.12 0.02
  178 E     1   0  -1  -1  -2   1   2  -2  -1  -2  -2   1  -2  -3   4   0   1  -3  -2  -2   17   0   0   0   0  10  16   0   0   0   0  17   0   0  28   0  14   0   0   0  0.48 0.02
  179 V    -1  -2   1  -2  -2  -2  -2  -3  -2   2   3  -2   1  -1  -3  -1   1  -3  -2   2    0   0  17   0   0   0   0   0   0  17  41   0   0   0   0   0  10   0   0  16  0.19 0.02
  180 E    -1  -1   2   1  -3   1   3  -1   0  -3  -3   0  -2  -3   3   1   0  -3  -2  -2    1   0  17   1   0   0  44   1   0   0   1   1   0   0  14  17   1   0   0   1  0.43 0.02
  181 L    -2   3  -2  -2  -3   0   1  -3  -1   1   1   0   0   2  -3  -2  -1  -1   2   0    0  28   0   0   0   0  14   0   0  17  16   0   0  17   0   0   0   0  10   0  0.16 0.02
  182 D    -2  -2   3   6  -4  -1   1  -2  -1  -4  -4  -1  -3  -4  -2   0  -1  -5  -3  -4    0   0  15  85   0   0   0   0   0   0   0   0   0   0   0   0   0   0   0   0  0.96 0.05
  183 S     2  -1   1  -1  -1   0  -1  -1   3  -2  -2   0  -1  -2  -1   1   2  -3  -1  -1   41   0  10   0   0   0   0   0  17   0   0   8   0   0   0   8  17   0   0   0  0.24 0.02
  184 N    -1   0   3   1  -3   2   2   0   0  -3  -2   2  -1  -3  -1   0  -1  -2  -2  -2    1   1  26   1   0  14  22   8   0   1   1  18   0   1   1   1   1   0   1   1  0.29 0.02
  185 S     0  -1   0  -1  -1   0  -1  -1   2  -1   0  -1  -1  -1  -1   3   2  -2  -1  -1    1   1   1   1   0   1   1   1  10   1  15   1   0   1   1  45  18   0   1   1  0.18 0.02
  186 P    -1  -2  -2  -2  -2  -2  -2  -3  -3   1   0  -2  -1  -2   6  -1   0  -3  -3   0    0   0   0   0   0   0   0   0   0  17  13   0   0   0  60   0  10   0   0   0  1.01 0.04
  187 V    -1  -2  -2  -2  -1  -2  -2  -2   3   1   0  -2   0   3  -2  -1  -1  -1   1   2    1   1   1   1   0   1   1   1  14   1   2   1   0  27   1   1   1   0   1  45  0.17 0.02
  188 Y    -2  -2  -2  -3  -2  -2  -2  -3   1   1  -1  -2  -1   2  -2  -2  -1   1   6   0    1   1   1   1   0   1   1   1   0  17   2   1   0   1   1   1   1   0  67   1  0.55 0.04
  189 K    -1   3  -1  -1  -2   2   0  -2  -1  -1   0   2   3  -2  -1  -1  -1  -2  -1  -1    1  27   1   1   0  14   1   1   0   1   2  17  28   1   1   1   1   0   1   1  0.22 0.02
  190 N    -1   1   1   0  -2   1   2  -1  -1  -2  -2   4  -1  -3  -1   1   0  -2  -2  -2    1   1   9   1   0   1  15   1   0   1   2  53   0   1   1  11   1   0   1   1  0.31 0.02
  191 G     0  -2   2  -1  -3  -2  -2   6  -2  -4  -4  -2  -3  -4  -2   0  -2  -3  -3  -4    0   0  17   0   0   0   0  83   0   0   0   0   0   0   0   0   0   0   0   0  0.94 0.04
  192 I    -1  -1  -1  -1  -2   0   1  -3  -2   2   0   1   0  -2  -2   0   2  -3  -2   2    0   0   0   0   0   0  17   0   0  16   0  17   0   0   0   0  23   0   0  28  0.14 0.02
  193 T     0  -2   0  -1  -1  -1  -1  -2  -2  -1  -2  -1  -1  -3  -1   1   6  -3  -2   0    0   0   0   0   0   0   0   0   0   0   0   0   0   0   0   0 100   0   0   0  0.66 0.06
  194 K     1   2  -1  -2   3   0   0  -2  -1  -3  -2   3  -2  -3   3   0  -1  -3  -2  -2   14  17   0   0  10   0   0   0   0   0   0  44   0   0  17   0   0   0   0   0  0.40 0.03
  195 T     0  -1   2   0  -1  -1  -1  -1  -1  -2  -2  -1  -1  -3  -1   3   3  -3  -2  -1    0   0  17   0   0   0   0   0   0   0   0   0   0   0   0  41  42   0   0   0  0.41 0.03
  196 G     0  -3  -1  -2  -3  -2  -3   6  -2  -4  -4  -2  -3  -4  -3  -1  -2  -3  -4  -4    0   0   0   0   0   0   0 100   0   0   0   0   0   0   0   0   0   0   0   0  1.19 0.05
  197 R    -1   0  -2  -3  -1  -2  -3  -3  -3   3   1  -2   1   1  -3  -1   1  -2  -1   2    0   8   0   0   0   0   0   0   0  45  10   0   0   8   0   0  14   0   0  17  0.21 0.02
  198 P    -1   0   2  -1  -3   0  -1  -2  -1  -3  -3   2  -2  -4   6  -1  -1  -4  -3  -3    0   0  17   0   0   0   0   0   0   0   0  30   0   0  53   0   0   0   0   0  0.99 0.04
  199 V     1  -3  -3  -3  -1  -2  -3  -3  -3   3   1  -2   1  -1  -3  -2   0  -3  -2   3   14   0   0   0   0   0   0   0   0  40   0   0   0   0   0   0   0   0   0  47  0.32 0.03
  200 C     0  -2  -1  -2   4  -1  -2  -2   0  -1  -1  -2  -1   2  -2   2   2   0   4  -1    0   0   0   0  16   0   0   0   0   0   0   0   0  14   0  28  17   0  26   0  0.30 0.03
  201 W    -3  -3  -4  -5  -3  -3  -4  -3  -3  -3  -2  -4  -2   0  -4  -3  -3  12   2  -4    0   0   0   0   0   0   0   0   0   0   0   0   0   0   0   0   0 100   0   0  2.75 0.10
  202 Y    -2  -2  -2  -3  -3  -2  -2  -3   4  -1  -1  -2  -1   2  -3  -2  -2   1   7   1    0   0   0   0   0   0   0   0  14   0   0   0   0   0   0   0   0   0  70  17  0.69 0.05
  203 Q    -1   4   0  -1  -3   2   0   1   2  -3  -3   2  -2  -3  -2  -1  -1  -3  -2  -3    0  41   0   0   0  16   0  17  10   0   0  17   0   0   0   0   0   0   0   0  0.43 0.03
  204 D    -1   2   1   4  -3   0   1  -1  -1  -3  -3   2  -2  -3  -2   2   0  -4  -3  -3    0  14   0  44   0   0   0   0   0   0   0  17   0   0   0  26   0   0   0   0  0.44 0.03
  205 I    -2  -3  -4  -4  -2  -3  -3  -4  -3   3   4  -3   2   0  -3  -3  -1  -2  -1   2    0   0   0   0   0   0   0   0   0  42  58   0   0   0   0   0   0   0   0   0  0.44 0.03
  206 Q    -1   0   0   3  -4   3   4  -2   2  -3  -3   2  -2  -3  -2   0  -1  -3  -2  -3    0   0   0  17   0  23  40   0   7   0   0  13   0   0   0   0   0   0   0   0  0.51 0.03
  207 D    -2  -2   1   6  -4   0   3  -2  -1  -4  -4  -1  -3  -4  -2  -1  -1  -4  -3  -3    0   0   0  83   0   0  17   0   0   0   0   0   0   0   0   0   0   0   0   0  0.95 0.05
  208 V    -1  -3  -3  -4  -1  -3  -3  -4  -4   3   1  -3   1  -1  -3  -2   0  -3  -2   4    0   0   0   0   0   0   0   0   0  17   0   0   0   0   0   0   0   0   0  83  0.45 0.04
  209 P    -1  -3  -2  -2  -3  -2  -2  -3  -3  -3  -3  -1  -3  -4   8  -1  -2  -4  -3  -3    0   0   0   0   0   0   0   0   0   0   0   0   0   0 100   0   0   0   0   0  2.19 0.07
  210 N    -1   1   1   2  -2   2   1  -2  -1  -2  -2   2  -1  -3  -2   0   2  -3  -2  -2    0  10   8  17   0  14   7   0   0   0   0  15   0   0   0   0  31   0   0   0  0.30 0.02
  211 G     0  -2   0   2  -3  -1   0   5  -2  -4  -4  -1  -3  -4  -2   0  -2  -3  -3  -3    0   0   0  17   0   0   7  76   0   0   0   0   0   0   0   0   0   0   0   0  0.81 0.04
  212 Y    -2  -3  -3  -4  -3  -3  -3  -4   0   1   0  -3   0   5  -4  -2  -2   1   5   0    0   0   0   0   0   0   0   0   0  17   0   0   0  47   0   0   0   0  36   0  0.63 0.04
  213 S     1  -1   0  -1  -1  -1  -1  -1  -1  -2  -2  -1  -1  -3  -1   4   3  -3  -2  -1    0   0   0   0   0   0   0   0   0   0   0   0   0   0   0  67  33   0   0   0  0.47 0.04
  214 F    -2  -3  -3  -4  -2  -3  -3  -4  -2   2   3  -3   1   4  -3  -3  -1  -1   1   2    0   0   0   0   0   0   0   0   0  10  37   0   0  37   0   0   0   0   0  17  0.38 0.02
  215 Y    -2  -3  -3  -4  -2  -3  -3  -4   0   0   0  -3  -1   5  -4  -2  -2   1   6   1    0   0   0   0   0   0   0   0   0   0   0   0   0  43   0   0   0   0  44  14  0.66 0.04
  216 I    -2  -3  -4  -4  -2  -3  -3  -4  -3   3   4  -3   2   0  -3  -3  -1  -2  -1   1    0   0   0   0   0   0   0   0   0  32  68   0   0   0   0   0   0   0   0   0  0.45 0.03
  217 A     4  -2  -2  -2  -1  -1  -1   2  -2  -2  -2  -1  -1  -3  -1   1   0  -3  -2  -1   83   0   0   0   0   0   0  17   0   0   0   0   0   0   0   0   0   0   0   0  0.47 0.04
  218 H    -2   0   3  -1  -3   2   0  -2   7  -4  -3   0  -2  -2  -2  -1  -2  -3   1  -3    0   0  17   0   0  17   0   0  67   0   0   0   0   0   0   0   0   0   0   0  0.77 0.05
  219 E    -1   0  -1   1  -4   2   6  -3   0  -4  -3   1  -2  -4  -2   0  -1  -3  -2  -3    0   0   0   0   0   0 100   0   0   0   0   0   0   0   0   0   0   0   0   0  0.90 0.06
  220 F    -3  -3  -4  -4  -3  -4  -4  -4  -2  -1   0  -4   0   7  -4  -3  -3   1   3  -1    0   0   0   0   0   0   0   0   0   0   0   0   0 100   0   0   0   0   0   0  0.99 0.06
  221 F    -2  -3  -4  -4  -3  -3  -4  -4  -2   0   1  -3   0   6  -4  -3  -2   0   2  -1    0   0   0   0   0   0   0   0   0   0  17   0   0  83   0   0   0   0   0   0  0.77 0.05
  222 D    -2  -2   1   7  -4  -1   1  -2  -2  -4  -4  -1  -4  -4  -2  -1  -1  -5  -4  -4    0   0   0 100   0   0   0   0   0   0   0   0   0   0   0   0   0   0   0   0  1.12 0.06
  223 A     4  -2  -2  -2  -1  -1  -2  -1  -2   0  -1  -1  -1  -2  -1   0   0  -3  -2   2   72   0   0   0   0   0   0   0   0   0   0   0   0   0   0   0   0   0   0  28  0.33 0.04
  224 L    -2  -3  -4  -4  -2  -3  -3  -4  -3   1   5  -3   2   0  -3  -3  -2  -2  -1   1    0   0   0   0   0   0   0   0   0   0 100   0   0   0   0   0   0   0   0   0  0.58 0.04
  225 P    -1  -3  -2  -2  -3  -2  -2  -3  -3  -3  -3  -1  -3  -4   8  -1  -2  -4  -3  -3    0   0   0   0   0   0   0   0   0   0   0   0   0   0 100   0   0   0   0   0  2.19 0.07
  226 I    -1  -3  -3  -4  -1  -3  -3  -4  -4   4   1  -3   1  -1  -3  -2  -1  -3  -2   4    0   0   0   0   0   0   0   0   0  59   0   0   0   0   0   0   0   0   0  41  0.44 0.04
  227 H    -2  -1   0  -2  -4   0  -1  -3   9  -4  -3  -1  -2  -2  -3  -1  -2  -3   1  -4    0   0   0   0   0   0   0   0 100   0   0   0   0   0   0   0   0   0   0   0  1.24 0.08
  228 K    -1   3   0  -1  -3   3   1  -2  -1  -3  -3   5  -1  -3  -2  -1  -1  -3  -2  -3    0  17   0   0   0  17   0   0   0   0   0  67   0   0   0   0   0   0   0   0  0.56 0.04
  229 L    -2  -3  -4  -4  -2  -3  -4  -4  -2   0   2  -3   1   6  -4  -3  -2   0   2  -1    0   0   0   0   0   0   0   0   0   0  29   0   0  71   0   0   0   0   0   0  0.65 0.04
  230 Q    -1   0   0  -1  -3   5   1  -2   4  -3  -3   1  -1  -3  -2   1  -1  -3  -1  -3    0   0   0   0   0  67   0   0  17   0   0   0   0   0   0  17   0   0   0   0  0.57 0.05
  231 K    -1   4  -1  -1  -3   1   0  -2  -1  -2   0   4  -1  -3  -2  -1  -1  -3  -2  -2    0  26   0   0   0   0   0   0   0   0  14  60   0   0   0   0   0   0   0   0  0.43 0.03
  232 I     0  -1  -1  -1  -1   0   1  -2  -2   0  -1  -1  -1  -2  -2   2   3  -3  -2   1    0   0   0   0   0   0  17   0   0   8   0   0   0   0   0  17  45   0   0  14  0.25 0.03
  233 K    -1   0  -1   2  -3   0   1   1  -1  -3  -3   2  -2  -4   4  -1  -1  -4  -3  -3    0   0   0  14   0   0  10  17   0   0   0  32   0   0  28   0   0   0   0   0  0.53 0.02
  234 D    -1   0   3   4  -3   1   0   1   3  -4  -4   0  -2  -3  -2   0  -1  -4  -2  -3    0   7  26  32   0   7   0  14  14   0   0   0   0   0   0   0   0   0   0   0  0.43 0.02
  235 G     0  -1   0   2  -3  -1  -1   4  -2  -4  -4   1  -3  -3  -2   1  -1  -3  -3  -3    0   0   0  17   0   0   0  53   0   0   0  14   0   0   0  17   0   0   0   0  0.52 0.03
  236 W    -3  -3  -4  -5  -3  -3  -4  -3  -3  -3  -2  -4  -2   0  -4  -3  -3  12   2  -4    0   0   0   0   0   0   0   0   0   0   0   0   0   0   0   0   0 100   0   0  2.75 0.10
  237 R    -1   5   2  -1   4   2   0  -2   0  -3  -2   1  -2  -3  -2  -1  -1  -3  -2  -2    0  53  17   0  17  14   0   0   0   0   0   0   0   0   0   0   0   0   0   0  0.49 0.04
  238 E    -1   0  -1   1  -4   2   6  -3   0  -4  -3   1  -2  -4  -2   0  -1  -3  -2  -3    0   0   0   0   0   0 100   0   0   0   0   0   0   0   0   0   0   0   0   0  0.90 0.06
  239 M    -1  -3  -3  -4  -1  -2  -3  -4  -3   3   1  -3   2  -1  -3  -2   0  -3  -2   4    0   0   0   0   0   0   0   0   0   8   0   0   8   0   0   0   0   0   0  84  0.43 0.04
  240 L    -2  -3  -3  -4  -2  -2  -3  -4  -1   1   3  -3   1   3  -3  -3  -2   0   3   0    0   0   0   0   0   0   0   0   0   0  63   0   0  20   0   0   0   0  17   0  0.43 0.03
  241 I    -1  -3  -3  -4  -1  -3  -3  -4  -4   3   1  -3   1  -1  -3  -2   0  -3  -2   4    0   0   0   0   0   0   0   0   0  29   0   0   0   0   0   0   0   0   0  71  0.44 0.04
  242 D    -2  -2   3   6  -4  -1   1  -1  -1  -4  -4  -1  -3  -4  -2   0  -1  -5  -3  -4    0   0  17  83   0   0   0   0   0   0   0   0   0   0   0   0   0   0   0   0  0.94 0.05
  243 I    -1  -2  -3  -2  -2  -1   1  -4  -3   3   2  -2   1  -1  -3  -2  -1  -3  -2   2    0   0   0   0   0   0  17   0   0  46  17   0   0   0   0   0   0   0   0  20  0.24 0.02
  244 D    -2  -2   1   6  -3  -1   1  -2  -2  -3  -4  -1  -3  -4  -2   0   1  -4  -3  -3    0   0   0  83   0   0   0   0   0   0   0   0   0   0   0   0  17   0   0   0  0.85 0.05
  245 P    -1  -1  -2  -2  -3  -1  -1   1  -2   0  -2   1  -2  -3   6  -1  -1  -4  -3  -1    0   0   0   0   0   0   0  14   0  17   0  17   0   0  53   0   0   0   0   0  0.85 0.03
  246 K     1   0   0   2  -2   3   2   0  -1  -2  -2   1  -1  -3  -1   0   1  -3  -2  -2   14   0   0  17   0  28  10   8   0   0   0   8   0   0   0   0  17   0   0   0  0.28 0.02
  247 L     0  -1   1   0  -2   2   2  -1  -1   0   0   0   0  -2  -1   0   0  -2  -1   1    8   1  10   1   0  14  18   1   0   9   9   1   0   1   1   8   1   0   1  16  0.08 0.01
  248 P     0  -1   0   0  -2   0   1  -1   3  -2  -2   0  -2  -2   5   1   0  -2  -1  -2    1   1   1   1   0   1  15   1  17   1   1   1   0   1  33  23   1   0   1   1  0.53 0.02
  249 D     1  -2   0   4  -3  -1   0   4  -2  -3  -4  -1  -3  -4  -2   0  -1  -4  -3  -3   14   0   0  44   0   0   0  43   0   0   0   0   0   0   0   0   0   0   0   0  0.59 0.03
  250 K    -1   1   0   2  -3   1   2  -2  -1  -3  -3   4  -2  -3  -1   1  -1  -3  -2  -3    0   0   0  17   0   0  17   0   0   0   0  53   0   0   0  14   0   0   0   0  0.42 0.03
  251 L    -2  -3  -4  -4  -2  -3  -3  -4  -3   1   4  -3   2   2  -3  -3  -2  -1   0   0    0   0   0   0   0   0   0   0   0   0  86   0   0  14   0   0   0   0   0   0  0.50 0.04
  252 R    -2   6  -1  -2   4   0  -1  -3  -1  -3  -2   2  -2  -3  -3  -1  -1  -3  -2  -3    0  83   0   0  17   0   0   0   0   0   0   0   0   0   0   0   0   0   0   0  0.75 0.05
  253 F    -3  -3  -3  -4  -3  -3  -4  -4  -1  -1   0  -3   0   7  -4  -3  -2   1   4  -1    0   0   0   0   0   0   0   0   0   0   0   0   0  86   0   0   0   0  14   0  0.90 0.05
  254 V    -1  -3  -3  -4  -1  -2  -3  -4  -3   2   1  -2   3  -1  -3  -2   0  -3  -1   4    0   0   0   0   0   0   0   0   0   0   0   0  17   0   0   0   0   0   0  83  0.41 0.04
  255 L    -1   0  -2  -2  -2   2  -1  -3  -2   1   3   1   1  -1  -2  -2  -1  -2  -1   1    0   0   0   0   0  17   0   0   0   0  57  17   0   0   0   0   0   0   0  10  0.21 0.02
  256 G     1  -1   0  -1  -1   0   0   2  -1  -2  -2   0  -1  -2  -1   3   1  -2  -2  -2    9   1   1   1   0   1   1  17   0   1   2   1   0   1   1  58   1   0   1   1  0.30 0.02
  257 S     1   2  -1  -1  -2   0   0  -1   2  -3  -3   3  -2  -3   3   1  -1  -3  -2  -2   21  14   0   0   0   0   0   0  10   0   0  33   0   0  15   8   0   0   0   0  0.34 0.02
  258 N     0   1   2  -1  -2  -1  -1   3  -1  -3  -3  -1  -2  -3   4   1   0  -3  -3  -3    0  10  16   0   0   0   0  33   0   0   0   0   0   0  21  21   0   0   0   0  0.49 0.02
  259 M     0  -1  -2  -1   5   2   1  -2  -2  -1  -1  -1   1  -3   4  -1  -1  -3  -2   0    7   0   0   0  21  14  17   0   0   0   0   0   8   0  26   0   0   0   0   8  0.44 0.02
  260 S     2  -1   2  -1  -1  -1  -1  -1  -1  -2  -2  -1  -1  -3  -1   2   4  -3  -2  -1   21   0  17   0   0   0   0   0   0   0   0   0   0   0   0  16  47   0   0   0  0.34 0.03
  261 L    -1  -2  -2  -2  -1  -2  -2  -3  -2   1   3  -2   1  -1   2  -1   2  -2  -1   0    1   0   0   0   0   0   0   1   0   0  59   0   0   0  14   1  21   0   0   0  0.29 0.02
  262 V     0  -2  -2  -2  -2  -1  -2  -2   3   0   0  -2   2  -2   4  -1  -1  -3  -1   2   10   0   0   0   0   0   0   0  17   0   0   0  17   0  28   0   0   0   0  29  0.38 0.03
  263 A     3  -1  -1  -1  -1  -1  -1  -1  -2  -2  -2  -1  -1  -3  -1   2   3  -3  -2  -1   44   0   0   0   0   0   0   0   0   0   0   0   0   0   0  23  33   0   0   0  0.35 0.03
  264 K     0   0   1   0  -2   1   2   1  -1  -2  -2   2  -2  -2  -1   2   0  -2  -2  -2    1   1   9   1   0   1  21   9   0   1   2  25   0   1   1  24   1   0   1   1  0.24 0.01
  265 T     2  -1  -1  -2  -1  -1  -1  -1  -2  -1   0  -1   0  -2  -1   2   3  -3  -2   0   28   0   0   0   0   0   0   0   0   0  14   0   0   0   0  17  42   0   0   0  0.26 0.03
  266 F     2  -2  -3  -3  -2  -2  -2  -2  -1  -1   0  -2   0   5  -3  -1  -1   0   3  -1   33   0   0   0   0   0   0   0   0   0  10   0   0  44   0   0   0   0  14   0  0.34 0.03
  267 V    -1   1  -3  -3  -2  -2  -3  -4  -3   4   1  -2   1  -1  -3  -2  -1  -3  -2   3    0  14   0   0   0   0   0   0   0  54   0   0   0   0   0   0   0   0   0  32  0.31 0.03
  268 Q    -1   3  -1  -1  -3   5   1  -2   0  -3  -3   2  -1  -4   3  -1  -1  -3  -2  -3    0  17   0   0   0  53   0   0   0   0   0  17   0   0  14   0   0   0   0   0  0.57 0.04
  269 D    -2   2   1   3  -3   0   0  -2   4  -3  -3   1  -2  -3   2  -1  -1  -4  -1  -3    0  13   7  32   0   0   0   0  24   0   0  10   0   0  14   0   0   0   0   0  0.46 0.03
  270 D    -2  -2   0   5  -3  -1   1   1  -2  -2   0  -1  -2  -3  -2  -1  -1  -4  -3  -2    0   0   0  70   0   0   0  14   0   0  17   0   0   0   0   0   0   0   0   0  0.57 0.04
  271 E    -1  -1  -1   1  -3   1   4  -2  -1  -2   0   0  -1  -2  -2   1  -1  -3  -2  -2    0   0   0   0   0   0  67   0   0   0  17   0   0   0   0  17   0   0   0   0  0.43 0.04
  272 P     0   1  -1  -1  -2  -1  -1  -2  -2  -2  -2   0  -2  -3   5   2   2  -3  -2  -2    0  13   0   0   0   0   0   0   0   0   0   0   0   0  32  26  28   0   0   0  0.59 0.03
  273 R    -2   6  -1  -1  -4   1   2  -3  -1  -4  -3   2  -2  -3  -2  -1  -1  -3  -2  -3    0  83   0   0   0   0  17   0   0   0   0   0   0   0   0   0   0   0   0   0  0.77 0.05
  274 D    -1   1   0   3  -3   0   2  -2  -1  -1  -2   0  -1  -1  -2   1  -1  -2   2   0    0  10   0  30   0   0  13   0   0   0   0   0   0   0   0  14   0   0  17  17  0.21 0.02
  275 H    -1  -1   0  -1   4   2   0  -2   7  -3  -3  -1  -1  -2  -2   0   1  -3   0  -2    0   0   0   0  14  17   0   0  53   0   0   0   0   0   0   0  17   0   0   0  0.54 0.04
  276 V    -1  -3  -3  -4  -1  -3  -3  -4  -3   2   1  -3   0  -1  -3  -2  -1   6  -1   4    0   0   0   0   0   0   0   0   0   0  14   0   0   0   0   0   0  17   0  70  0.47 0.04
  277 E    -1   0  -1   1  -4   2   6  -3   0  -4  -3   1  -2  -4  -2   0  -1  -3  -2  -3    0   0   0   0   0   0 100   0   0   0   0   0   0   0   0   0   0   0   0   0  0.90 0.06
  278 V    -1  -2  -2  -3   4  -2  -3  -3   3   2   1  -2   0  -1  -3  -2  -1  -3  -1   3    0   0   0   0  17   0   0   0  14   0  17   0   0   0   0   0   0   0   0  53  0.28 0.03
  279 C     0  -3  -1  -2   8  -2  -2   2  -2  -2  -2  -2  -2  -3  -2   2   0  -3  -3  -2    0   0   0   0  53   0   0  17   0   0   0   0   0   0   0  30   0   0   0   0  0.69 0.04
  280 P     0  -2  -3  -2  -2  -2  -2  -3  -3  -1   1  -2   0  -2   6  -1  -1  -3  -2  -1   10   0   0   0   0   0   0   0   0   0  30   0   0   0  60   0   0   0   0   0  1.03 0.04
  281 S     1  -1   0   3  -3   1   4  -1  -1  -3  -3   0  -2  -3  -1   1   0  -3  -2  -2   17   0   0  20   0   0  47   0   0   0   0   0   0   0   0  16   0   0   0   0  0.45 0.03
  282 A     3  -2  -1  -2  -1  -1  -1   2  -2  -2  -2  -1  -1  -3  -1   2   1  -3  -2  -1   53   0   0   0   0   0   0  17   0   0   0   0   0   0   0  17  14   0   0   0  0.34 0.03
  283 A     1  -2  -1  -1  -2  -1   1   4  -2  -2   0  -1  -1  -2  -2   0  -1  -3  -3  -2   16   0   0   0   0   0  14  54   0   0  17   0   0   0   0   0   0   0   0   0  0.41 0.02
  284 V     1   1  -2  -3  -1  -1  -2  -2  -2   1   0  -1   0  -2  -2   0   2  -3  -2   3   17  14   0   0   0   0   0   0   0   0   0   0   0   0   0   0  17   0   0  53  0.18 0.03
  285 I    -1  -2  -3  -3  -2   1  -2  -4  -3   4   1  -2   1  -1  -3  -2  -1  -3  -2   3    0   0   0   0   0  14   0   0   0  56   0   0   0   0   0   0   0   0   0  31  0.31 0.03
  286 I    -1  -3  -2  -3  -1  -2  -2  -3  -3   3   1  -2   1  -1  -2   0   0  -3  -2   3    0   0   0   0   0   0   0   0   0  44   0   0   0   0   0  17   0   0   0  40  0.28 0.03
  287 Q    -1   0   2   0  -3   5   2   1   0  -3  -3   1  -1  -4  -2   0  -1  -3  -2  -3    0   0  17   0   0  63   7  14   0   0   0   0   0   0   0   0   0   0   0   0  0.53 0.04
  288 K    -1   1  -1   0  -3   4   3  -2   0  -2   0   3  -1  -3  -2  -1  -1  -3  -2  -2    0   0   0   0   0  33  28   0   0   0  14  25   0   0   0   0   0   0   0   0  0.38 0.03
  289 L    -2  -3  -4  -4  -2  -3  -3  -4  -3   3   4  -3   2   0  -3  -3  -1  -2  -1   1    0   0   0   0   0   0   0   0   0  33  67   0   0   0   0   0   0   0   0   0  0.45 0.03
  290 A     3  -2  -1  -2  -1  -1  -1  -1  -2  -1  -1  -1  -1  -2  -1   2   0  -3  -2   1   56   0   0   0   0   0   0   0   0   0   0   0   0   0   0  28   0   0   0  17  0.30 0.03
  291 Q    -1   0   3   3  -3   4   2  -1   0  -3  -3   0  -2  -3  -2   1  -1  -3  -2  -3    0   0  25  17   0  36  14   0   0   0   0   0   0   0   0  10   0   0   0   0  0.47 0.03
  292 Q    -2   6  -1  -2  -4   3   0  -3   0  -3  -3   2  -2  -3  -2  -1  -1  -3  -2  -3    0  84   0   0   0  16   0   0   0   0   0   0   0   0   0   0   0   0   0   0  0.80 0.05
  293 I    -2  -3  -4  -4  -2  -3  -4  -4  -4   5   1  -3   1   0  -3  -3  -1  -3  -2   2    0   0   0   0   0   0   0   0   0 100   0   0   0   0   0   0   0   0   0   0  0.56 0.05
  294 N     2  -1   2   2  -2   0   1  -1  -1  -2  -2   0  -2  -3  -1   1   1  -3  -2  -1   30   0  16  17   0   0  14   0   0   0   0   0   0   0   0   7  17   0   0   0  0.27 0.02
  295 S     0   2   0  -1  -2   0   1  -2  -1  -1   0   2  -1  -2  -1   2   2  -3  -2  -1    0  14   0   0   0   0  10   0   0   0  15  17   0   0   0  29  17   0   0   0  0.19 0.02
  296 Y    -1  -2   0   3  -2  -1   0  -2  -1  -2  -2  -1  -1   2  -2   1   2  -1   3  -1    0   0   0  23   0   0   0   0   0   0   0   0   0  17   0  17  28   0  16   0  0.25 0.02
  297 G     0  -3  -1  -2  -3  -2  -3   6  -2  -4  -4  -2  -3  -4  -3  -1  -2  -3  -4  -4    0   0   0   0   0   0   0 100   0   0   0   0   0   0   0   0   0   0   0   0  1.19 0.05
  298 G     0  -3  -1  -2  -3  -2  -3   6  -2  -4  -4  -2  -3  -4  -3  -1  -2  -3  -4  -4    0   0   0   0   0   0   0 100   0   0   0   0   0   0   0   0   0   0   0   0  1.19 0.05
  299 A     4  -2  -2  -2  -1  -2  -2  -1  -2   1  -1  -2  -1   2  -2   0  -1  -2   0   0   70   0   0   0   0   0   0   0   0  14   0   0   0  17   0   0   0   0   0   0  0.27 0.03
  300 A     4  -2  -1  -2  -1  -1  -1   0  -2  -2  -2  -1  -1  -3  -1   2   0  -3  -2  -1   83   0   0   0   0   0   0   0   0   0   0   0   0   0   0  17   0   0   0   0  0.46 0.04
  301 L    -2  -3  -4  -4  -2  -3  -3  -4  -3   1   5  -3   2   0  -3  -3  -2  -2  -1   1    0   0   0   0   0   0   0   0   0   0 100   0   0   0   0   0   0   0   0   0  0.58 0.04
  302 I    -2  -3  -4  -4  -1  -3  -3  -4  -4   4   2  -3   1   0  -3  -3  -1  -3  -2   2    0   0   0   0   0   0   0   0   0  76  17   0   0   0   0   0   0   0   0   7  0.45 0.04
  303 A     3  -2  -2  -3  -1  -2  -2  -1  -2   2   0  -2   2  -1  -2   0   0  -3  -2   2   44   0   0   0   0   0   0   0   0  17   0   0  14   0   0   0   0   0   0  26  0.21 0.02
  304 D    -2  -2   1   7  -4  -1   1  -2  -2  -4  -4  -1  -4  -4  -2  -1  -1  -5  -4  -4    0   0   0 100   0   0   0   0   0   0   0   0   0   0   0   0   0   0   0   0  1.12 0.06
  305 Y    -2  -2  -3  -4  -3  -2  -3  -4   1  -2  -2  -2  -1   3  -4  -2  -2   2   8  -2    0   0   0   0   0   0   0   0   0   0   0   0   0   0   0   0   0   0 100   0  1.16 0.07
  306 G     0  -3  -1  -2  -3  -2  -3   6  -2  -4  -4  -2  -3  -4  -3  -1  -2  -3  -4  -4    0   0   0   0   0   0   0 100   0   0   0   0   0   0   0   0   0   0   0   0  1.19 0.05
  307 H    -2  -1   0  -2  -3   0  -1  -3   8  -3  -3  -1  -2   0  -3  -1  -2  -1   4  -3    0   0   0   0   0   0   0   0  83   0   0   0   0   0   0   0   0   0  17   0  1.02 0.07
  308 M    -2  -2   0   5  -3  -1   1  -2  -2  -2  -1  -1   2   1  -2  -1  -1  -3  -1  -2    0   0   0  71   0   0   0   0   0   0   0   0  16  14   0   0   0   0   0   0  0.58 0.04
  309 G     0  -1  -1  -2  -3  -1  -2   6  -2  -4  -4   1  -3  -4  -2  -1  -2  -3  -3  -3    0   0   0   0   0   0   0  83   0   0   0  17   0   0   0   0   0   0   0   0  0.89 0.04
  310 E     0  -1   0   0  -2   0   2  -2  -1   1  -1   0  -1  -2  -1   1   3  -3  -2   0    0   0   0   0   0   0  29   0   0  17   0   0   0   0   0  17  37   0   0   0  0.25 0.03
  311 K    -1   3  -1  -1  -3   1   0  -2  -1  -1  -2   4  -1  -3  -2  -1  -1  -3  -2   0    0  24   0   0   0   0   0   0   0   0   0  59   0   0   0   0   0   0   0  17  0.40 0.03
  312 T     0  -1   0  -1  -1  -1  -1  -2  -2  -1  -2   1  -1  -3  -1   1   5  -3  -2  -1    0   0   0   0   0   0   0   0   0   0   0  17   0   0   0   0  83   0   0   0  0.50 0.05
  313 D    -1  -1   1   5  -3   0   1  -2   4  -3  -4  -1  -3  -3  -2   1  -1  -4  -2  -3    0   0   0  67   0   0   0   0  17   0   0   0   0   0   0  17   0   0   0   0  0.68 0.04
  314 T     0  -1   0  -1  -1  -1  -1  -1  -2  -1  -2  -1  -1  -3  -1   3   5  -3  -2  -1    0   0   0   0   0   0   0   0   0   0   0   0   0   0   0  33  67   0   0   0  0.49 0.04
  315 F    -2  -3  -4  -4  -2  -3  -4  -4  -2   0   2  -3   1   6  -4  -3  -2   0   2  -1    0   0   0   0   0   0   0   0   0   0  30   0   0  70   0   0   0   0   0   0  0.64 0.04
  316 R    -2   6  -1  -2  -4   3   0  -3   0  -3  -3   2  -2  -3  -2  -1  -1  -3  -2  -3    0  83   0   0   0  17   0   0   0   0   0   0   0   0   0   0   0   0   0   0  0.80 0.05
  317 G     3  -2  -1  -2  -2  -2  -2   5  -2  -3  -3  -1  -2  -3  -2   0  -1  -3  -3  -2   47   0   0   0   0   0   0  53   0   0   0   0   0   0   0   0   0   0   0   0  0.60 0.03
  318 F    -2  -3  -3  -4  -3  -3  -3  -4  -1   1   0  -3   0   6  -4  -3  -2   1   4   0    0   0   0   0   0   0   0   0   0  17   0   0   0  67   0   0   0   0  17   0  0.66 0.04
  319 R    -1   4  -1  -2   4   0   0  -2  -1  -3  -2   3  -2  -1  -2  -1  -1  -2   2  -2    0  32   0   0  15   0   0   0   0   0   0  40   0   0   0   0   0   0  13   0  0.40 0.03
  320 A     1  -1   2   3  -3   2   1   2  -1  -3  -3   0  -2  -3  -2   0  -1  -3  -3  -2   16   0  17  24   0  14   7  24   0   0   0   0   0   0   0   0   0   0   0   0  0.35 0.02
  321 H    -2  -1   0  -2  -4   0  -1  -3   9  -4  -3  -1  -2  -1  -3  -1  -2  -2   3  -4    0   0   0   0   0   0   0   0  93   0   0   0   0   0   0   0   0   0   7   0  1.12 0.07
  322 Q    -1   2   0   0  -4   4   2  -2   0  -3  -3   4  -1  -3  -1   0  -1  -3  -2  -3    0   7   0   0   0  31  17   0   0   0   0  45   0   0   0   0   0   0   0   0  0.51 0.03
  323 L    -2  -2  -3  -3  -2   1  -2  -4  -2   1   3  -2   1   3  -3  -2  -1  -1   0   0    0   0   0   0   0  17   0   0   0  10  57   0   0  17   0   0   0   0   0   0  0.28 0.03
  324 H    -1  -1   0  -2  -3  -1  -1  -3   7   0  -1  -2  -1  -1  -3  -1  -1  -3   1   2    0   0   0   0   0   0   0   0  67   0   0   0   0   0   0   0   0   0   0  33  0.61 0.05
  325 D    -2  -2   1   7  -4  -1   1  -2  -2  -4  -4  -1  -4  -4  -2  -1  -1  -5  -4  -4    0   0   0 100   0   0   0   0   0   0   0   0   0   0   0   0   0   0   0   0  1.12 0.06
  326 V    -1  -3  -2  -3  -1  -2  -2  -3  -3   2   0  -2   0  -1   2  -1   1  -3  -2   3    0   0   0   0   0   0   0   0   0  17   0   0   0   0  14   0  17   0   0  53  0.31 0.03
  327 L    -2  -3  -4  -4  -2  -3  -3  -4  -3   1   5  -3   2   0  -3  -3  -2  -2  -1   1    0   0   0   0   0   0   0   0   0   0 100   0   0   0   0   0   0   0   0   0  0.58 0.04
  328 T    -1  -1   0   2  -2   0   2  -2  -1   1  -1  -1  -1  -2  -2   1   2  -3  -2   1    0   0   0  17   0   0  26   0   0  14   0   0   0   0   0   8  22   0   0  14  0.20 0.02
  329 D     2   0   3   1  -2   0   1  -1  -1  -3  -3   1  -2  -3  -1   0   0  -3  -2  -2   37   0  24   8   0   0  14   0   0   0   0  17   0   0   0   0   0   0   0   0  0.27 0.02
  330 P    -1  -3  -2  -2  -3  -2  -2  -3  -3  -3  -3  -1  -3  -4   8  -1  -2  -4  -3  -3    0   0   0   0   0   0   0   0   0   0   0   0   0   0 100   0   0   0   0   0  2.19 0.07
  331 G     0  -3  -1  -2  -3  -2  -3   6  -2  -4  -4  -2  -3  -4  -3  -1  -2  -3  -4  -4    0   0   0   0   0   0   0 100   0   0   0   0   0   0   0   0   0   0   0   0  1.19 0.05
  332 T     0  -2  -1  -2  -1  -1  -1  -2  -2   0   1  -1   0  -2  -2   1   4  -3  -2   0    0   0   0   0   0   0   0   0   0   0  26   0   0   0   0  14  60   0   0   0  0.32 0.03
  333 A     5  -2  -2  -2  -1  -1  -1   0  -2  -2  -2  -1  -1  -3  -1   1   0  -3  -2   0  100   0   0   0   0   0   0   0   0   0   0   0   0   0   0   0   0   0   0   0  0.54 0.05
  334 D    -2  -2   1   7  -4  -1   1  -2  -2  -4  -4  -1  -4  -4  -2  -1  -1  -5  -4  -4    0   0   0 100   0   0   0   0   0   0   0   0   0   0   0   0   0   0   0   0  1.12 0.06
  335 L    -2  -3  -4  -4  -2  -3  -3  -4  -3   1   5  -3   2   0  -3  -3  -2  -2  -1   1    0   0   0   0   0   0   0   0   0   0 100   0   0   0   0   0   0   0   0   0  0.58 0.04
  336 T     0  -1   0  -1  -1  -1  -1  -2  -2  -1  -2  -1  -1  -3  -1   2   5  -3  -2  -1    0   0   0   0   0   0   0   0   0   0   0   0   0   0   0  17  83   0   0   0  0.55 0.05
  337 A     4  -2  -2  -2  -1  -1  -1   0  -2   0  -1  -1  -1  -2  -1   1   0  -3  -2   1   83   0   0   0   0   0   0   0   0   0   0   0   0   0   0   0   0   0   0  17  0.39 0.04
  338 D    -2  -2   1   6  -4  -1   1  -2  -2  -4  -4  -1  -3  -3  -2  -1  -2   6  -2  -4    0   0   0  83   0   0   0   0   0   0   0   0   0   0   0   0   0  17   0   0  0.99 0.05
  339 V     0  -3  -3  -4  -1  -3  -3  -4  -4   2   1  -3   0  -1  -3  -2   0  -3  -2   5    0   0   0   0   0   0   0   0   0   0   0   0   0   0   0   0   0   0   0 100  0.50 0.05
  340 D    -2  -2   1   7  -4  -1   1  -2  -2  -4  -4  -1  -4  -4  -2  -1  -1  -5  -4  -4    0   0   0 100   0   0   0   0   0   0   0   0   0   0   0   0   0   0   0   0  1.12 0.06
  341 F    -3  -3  -4  -4  -3  -4  -4  -4  -2  -1   0  -4   0   7  -4  -3  -3   1   3  -1    0   0   0   0   0   0   0   0   0   0   0   0   0 100   0   0   0   0   0   0  0.99 0.06
  342 N     0   0   2   0  -2   2   0   2  -1  -3  -3   1  -2  -3  -1   2   0  -3  -2  -2    0   0  16   0   0  17   0  17   0   0   0  14   0   0   0  37   0   0   0   0  0.32 0.02
  343 F    -2  -2  -2  -3  -2  -2  -2  -3   0  -1   1  -2   0   3  -3  -1   1   1   6  -1    0   0   0   0   0   0   0   0   0   0  14   0   0  16   0   0  17   0  54   0  0.52 0.04
  344 M    -1  -2  -3  -4  -1  -2  -3  -4  -3   2   3  -3   3   0  -3  -2  -1  -2  -1   2    0   0   0   0   0   0   0   0   0  17  54   0  16   0   0   0   0   0   0  14  0.38 0.02
  345 R    -1   6  -1  -2  -3   1   0  -2  -1  -3  -3   2  -2  -3  -2   1  -1  -3  -2  -3    0  83   0   0   0   0   0   0   0   0   0   0   0   0   0  17   0   0   0   0  0.72 0.05
  346 R    -1   4   0  -1  -3   1   0  -2   3  -3  -2   3  -2  -3  -2   0   1  -3  -1  -2    0  44   0   0   0   0   0   0  14   0   0  26   0   0   0   0  17   0   0   0  0.44 0.03
  347 M    -1  -2  -2  -3  -2  -1  -2  -3  -2   2   2  -2   5   0  -3  -1   1  -2  -1   1    0   0   0   0   0   0   0   0   0  21  17   0  45   0   0   0  17   0   0   0  0.30 0.04
  348 V     3  -2  -2  -2  -1  -2  -2  -1  -3   1   0  -2   0  -2  -2   1   0  -3  -2   3   43   0   0   0   0   0   0   0   0   0   0   0   0   0   0   7   0   0   0  49  0.25 0.03
  349 G    -1   1   0   0  -3   3   2   2  -1  -3  -3   3  -2  -3  -2   0  -1  -3  -2  -3    0   0   0   0   0  28  14  25   0   0   0  33   0   0   0   0   0   0   0   0  0.41 0.03
  350 E    -1  -1   2   3  -3   0   2   3  -1  -3  -3  -1  -2  -3  -2   0   1  -3  -3  -3    0   0  17  26   0   0  16  28   0   0   0   0   0   0   0   0  14   0   0   0  0.41 0.02
  351 A     1   4  -1  -1  -3   2   0  -2  -1  -3  -2   3  -1  -3  -2   0  -1  -3  -2  -2   16  37   0   0   0  10   0   0   0   0   0  38   0   0   0   0   0   0   0   0  0.45 0.03
  352 A     1  -2  -2  -2  -1  -2  -2   1  -3   1   0  -2   0  -2  -2   1   0  -3  -2   3   16   0   0   0   0   0   0  14   0   0   0   0   0   0   0  17   0   0   0  54  0.18 0.03
  353 S     2  -2   1  -1  -1  -1  -1  -1  -2   1  -1  -1  -1  -2  -2   1   2  -3  -2   1   28   0  14   0   0   0   0   0   0  10   0   0   0   0   0  16  17   0   0  17  0.16 0.02
  354 C     1  -2  -2  -2   7  -2  -2  -2  -2   1  -1  -2  -1  -2  -2   2   0  -3  -2   0   17   0   0   0  39   0   0   0   0  17   0   0   0   0   0  28   0   0   0   0  0.43 0.03
  355 L    -2  -3  -3  -4   4  -2  -3  -4  -2   2   3  -3   1   1  -3  -2  -1  -1   3   1    0   0   0   0  14   0   0   0   0  17  53   0   0   0   0   0   0   0  17   0  0.34 0.03
  356 G     0  -3  -1  -2  -3  -2  -3   6  -2  -4  -4  -2  -3  -4  -3  -1  -2  -3  -4  -4    0   0   0   0   0   0   0 100   0   0   0   0   0   0   0   0   0   0   0   0  1.19 0.05
  357 P    -1  -3  -2  -2  -3  -2  -2  -3  -3  -3  -3  -1  -3  -4   8  -1  -2  -4  -3  -3    0   0   0   0   0   0   0   0   0   0   0   0   0   0 100   0   0   0   0   0  2.19 0.07
  358 V    -1  -2   1  -2  -1  -2  -2  -3  -2   3   0  -2   0  -1  -3  -1   0  -3  -2   4    0   0  17   0   0   0   0   0   0  17   0   0   0   0   0   0   0   0   0  67  0.29 0.03
  359 T    -1   0   0   3  -3   1   4  -2  -1  -3  -3   1  -2  -3  -1   0   2  -3  -2  -2    0   0   0  17   0   0  51   0   0   0   0   7   0   0   0   0  25   0   0   0  0.47 0.03
  360 Q    -1   1   0  -1  -3   6   2  -2   0  -3  -3   1  -1  -4  -2   0  -1  -2  -2  -3    0   0   0   0   0 100   0   0   0   0   0   0   0   0   0   0   0   0   0   0  0.89 0.07
  361 H    -1   4   0  -2  -3   1  -1   3   4  -4  -3   1  -2  -3  -2  -1  -2  -3  -1  -3    0  39   0   0   0   7   0  30  23   0   0   0   0   0   0   0   0   0   0   0  0.46 0.03
  362 V    -1  -1  -1  -1  -2   0   2  -2  -2   1   1  -1   0  -2  -2   1   2  -3  -2   1    0   0   0   0   0   0  24   0   0  17  14   0   0   0   0  10  28   0   0   8  0.15 0.02
  363 F    -3  -3  -4  -4  -3  -4  -4  -4  -2  -1   0  -4   0   7  -4  -3  -3   1   3  -1    0   0   0   0   0   0   0   0   0   0   0   0   0 100   0   0   0   0   0   0  0.99 0.06
  364 L    -2  -3  -4  -4  -2  -3  -3  -4  -3   1   5  -3   2   0  -3  -3  -2  -2  -1   1    0   0   0   0   0   0   0   0   0   0 100   0   0   0   0   0   0   0   0   0  0.58 0.04
  365 K     1   2  -1  -1  -3   2   1  -2  -1  -3  -3   4  -1  -3  -1   0  -1  -3  -2  -2   17   7   0   0   0  14   0   0   0   0   0  62   0   0   0   0   0   0   0   0  0.43 0.03
  366 N    -2   2   5   1  -3   2   2  -1   0  -4  -3   1  -2  -3  -2   0  -1  -3  -2  -3    0  14  53   0   0  17  17   0   0   0   0   0   0   0   0   0   0   0   0   0  0.52 0.04
  367 M    -1  -2  -3  -4  -2  -1  -3  -3  -2   1   2  -2   7   0  -3  -2  -1  -2  -1   0    0   0   0   0   0   0   0   0   0   0  17   0  83   0   0   0   0   0   0   0  0.58 0.06
  368 G     0  -2  -1  -1  -3   1  -1   6  -2  -4  -4  -1  -3  -4  -2  -1  -2  -3  -3  -3    0   0   0   0   0  14   0  86   0   0   0   0   0   0   0   0   0   0   0   0  0.94 0.04
  369 I    -1  -3  -3  -3  -2  -3  -3   1  -3   5   1  -3   1  -1  -3  -2  -1  -3  -2   2    0   0   0   0   0   0   0  14   0  86   0   0   0   0   0   0   0   0   0   0  0.38 0.04
  370 D    -2  -1   0   5  -4   1   4  -2  -1  -4  -4   0  -3  -4  -2   0  -1  -4  -3  -3    0   0   0  53   0   0  47   0   0   0   0   0   0   0   0   0   0   0   0   0  0.79 0.04
  371 I     1  -2  -1  -2  -2  -1  -1  -2   5   1  -1  -2   0  -1  -2   0  -1  -3   0   2   14   0   0   0   0   0   0   0  33  16   0   0   0   0   0  10   0   0   0  28  0.21 0.03
  372 R    -2   6  -1  -2  -4   1   0  -3  -1  -4  -3   2  -2  -3  -3  -1  -2  -3  -2  -3    0 100   0   0   0   0   0   0   0   0   0   0   0   0   0   0   0   0   0   0  0.95 0.06
  373 L    -2  -2  -4  -4  -2  -2  -3  -4  -3   1   4  -3   3   0  -3  -3  -1  -2  -1   1    0   0   0   0   0   0   0   0   0   0  90   0  10   0   0   0   0   0   0   0  0.53 0.04
  374 K     1   3  -1  -1  -3   2   2  -2  -1  -3  -3   3  -1  -3  -1   0  -1  -3  -2  -2   17  17   0   0   0  10  14   0   0   0   0  44   0   0   0   0   0   0   0   0  0.38 0.02
  375 V    -1   2  -2  -2  -2   3   0  -3  -1   1   0   0   0  -2  -2  -1  -1  -3  -2   3    0  17   0   0   0  30   0   0   0   7   0   0   0   0   0   0   0   0   0  46  0.22 0.03
  376 L    -2  -3  -4  -4  -2  -3  -3  -4  -3   2   4  -3   2   0  -3  -3  -1  -2  -1   1    0   0   0   0   0   0   0   0   0  17  83   0   0   0   0   0   0   0   0   0  0.50 0.04
  377 L    -1  -3  -3  -3  -2  -2  -3   1  -3   1   4  -3   1   0  -3  -2  -2  -2  -2   0    0   0   0   0   0   0   0  17   0   0  83   0   0   0   0   0   0   0   0   0  0.38 0.03
  378 E    -1   2   0   3  -3   2   2  -1   0  -2  -2   1  -1  -2  -1   0  -1  -2  -2  -2    2  18   1  29   0  18  17   2   1   1   2   1   1   1   1   2   1   0   1   1  0.33 0.01
  379 K     0   1  -1  -1  -2   1   0  -2  -1  -1  -1   4  -1  -2  -1   1   0  -3  -2   0    1   1   1   1   0   1   1   1   0   1   1  61   0   1   1  10   1   0   0  17  0.25 0.03
  380 S     2  -2  -1  -2   4  -1  -1  -1  -2  -1   0  -1  -1  -2  -2   2   1  -3  -2  -1   27   0   0   0  17   0   0   0   0   0  17   0   0   0   0  32   7   0   0   0  0.24 0.02
  381 N    -1   0   3   3  -3   0   0   1   3  -3  -3   1  -2  -3  -2   1  -1  -4  -2  -3    0   0  24  24   0   0   0  13  14   0   0  17   0   0   0   8   0   0   0   0  0.36 0.02
  382 D     1  -1   1   5  -3   0   2  -1  -1  -3  -3  -1  -3  -3  -1   1  -1  -4  -3  -3   14   0   0  56   0   0  14   0   0   0   0   0   0   0   0  17   0   0   0   0  0.55 0.03
  383 V    -1   2   2  -1  -2  -1  -1  -2  -2  -1   0   0  -1  -2   5  -1  -1  -3  -2   0    0  17  17   0   0   0   0   0   0   0  14   0   0   0  37   0   0   0   0  16  0.51 0.03
  384 T     1   0   0   0  -2   0   2  -1  -1  -3  -3   1  -2  -3   3   2   1  -3  -2  -2    8   0   0   0   0   0  17   0   0   0   0  17   0   0  14  37   8   0   0   0  0.35 0.02
  385 V     0   0  -1  -1  -2   2   1  -2  -1   1   1   1   0  -2  -2  -1  -1  -3  -2   1    7   0   0   0   0  17  14   0   0  10  14  17   0   0   0   0   0   0   0  23  0.12 0.01
  386 Q    -1   3   2  -1  -3   4   0  -2   0  -3  -2   1  -1   2  -2  -1  -1  -2   0  -2    0  24  14   0   0  39   0   0   0   0   0   7   0  17   0   0   0   0   0   0  0.35 0.03
  387 K     0   1   0   0  -3   4   3  -2   0  -3  -3   2  -1  -3  -1   0  -1  -3  -2  -2   10   0   0   0   0  41  33   0   0   0   0  16   0   0   0   0   0   0   0   0  0.51 0.03
  388 Q    -1   0   0   0  -4   5   4  -2   0  -3  -3   1  -1  -4  -2   0  -1  -3  -2  -3    0   0   0   0   0  70  30   0   0   0   0   0   0   0   0   0   0   0   0   0  0.73 0.05
  389 L    -2  -3  -4  -4  -2  -3  -3  -4  -3   2   4  -3   2   0  -3  -3  -1  -2  -1   1    0   0   0   0   0   0   0   0   0  14  86   0   0   0   0   0   0   0   0   0  0.51 0.04
  390 I    -1  -3  -4  -4  -1  -3  -3  -4  -3   4   3  -3   1   0  -3  -3  -1  -3  -1   3    0   0   0   0   0   0   0   0   0  55  28   0   0   0   0   0   0   0   0  17  0.40 0.03
  391 H    -1   2   0  -1  -3   2   2   0   5  -2  -1   0   2  -2  -2  -1  -1  -3  -1  -2    0  20   0   0   0  15  17   7  25   0   0   0  17   0   0   0   0   0   0   0  0.29 0.03
  392 G     0  -2   0  -1  -2  -2  -2   5  -2  -4  -4  -1  -3  -3  -2   2  -1  -3  -3  -3    0   0   0   0   0   0   0  74   0   0   0   0   0   0   0  26   0   0   0   0  0.80 0.04
  393 Y    -2  -2  -3  -4  -3  -2  -3  -4   1  -2  -2  -2  -1   3  -4  -2  -2   2   8  -2    0   0   0   0   0   0   0   0   0   0   0   0   0   0   0   0   0   0 100   0  1.16 0.07
  394 N    -2   0   4   4  -3   0   2  -1   0  -3  -4   2  -3  -4  -2   0  -1  -4  -3  -3    0   0  40  30   0   0  14   0   0   0   0  17   0   0   0   0   0   0   0   0  0.53 0.03
  395 V    -1  -1  -2  -3  -2  -1  -2  -3  -2   1   1   1   6  -1  -3  -2  -1  -2  -2   1    0   0   0   0   0   0   0   0   0   8   0  17  68   0   0   0   0   0   0   8  0.35 0.05
  396 L    -2  -3  -4  -4  -2  -3  -3  -4  -3   1   5  -3   2   0  -3  -3  -2  -2  -1   1    0   0   0   0   0   0   0   0   0   0 100   0   0   0   0   0   0   0   0   0  0.58 0.04
  397 M    -1  -2  -2  -3  -2  -1  -2  -3  -2   2   1  -2   6  -1  -3  -1   1  -2  -1   2    0   0   0   0   0   0   0   0   0  10   0   0  60   0   0   0  14   0   0  17  0.34 0.05
  398 N    -2  -1   5   4  -3  -1   0   2   0  -4  -4  -1  -3  -4  -2   0  -1  -4  -3  -3    0   0  53  30   0   0   0  17   0   0   0   0   0   0   0   0   0   0   0   0  0.63 0.04
  399 P     0  -2  -2  -1  -2  -1  -1  -2  -2  -2  -2  -1  -2  -3   7  -1  -1  -3  -2  -2    9   1   1   1   0   1   1   1   0   1   1   1   0   1  76   1   1   0   1   1  1.44 0.04
  400 D     1   0   0   2  -2   2   2  -1  -1  -2  -1   2   0  -2  -1   0  -1  -2  -2  -1   15   1   1  17   0  14  11   1   0   1   1  25   8   1   1   1   1   0   1   1  0.20 0.01
  401 Q    -1   1   0   2  -4   3   3  -2   0  -3  -3   3  -2  -4  -1   0  -1  -3  -2  -3    0   0   0  17   0  29  17   0   0   0   0  37   0   0   0   0   0   0   0   0  0.48 0.03
  402 M    -1  -2  -3  -4  -2  -1  -3  -3  -2   1   2  -2   7   0  -3  -2  -1  -2  -1   0    0   0   0   0   0   0   0   0   0   0   0   0 100   0   0   0   0   0   0   0  0.70 0.08
  403 G     0  -3  -1  -2  -3  -2  -3   6  -2  -4  -4  -2  -3  -4  -3  -1  -2  -3  -4  -4    0   0   0   0   0   0   0 100   0   0   0   0   0   0   0   0   0   0   0   0  1.19 0.05
  404 Q    -1  -1  -1   0  -2   2   3  -2  -1  -1   0   0   0  -2  -2   0   2  -3  -2  -1    0   0   0   0   0  16  37   0   0   0  17   0   0   0   0   0  30   0   0   0  0.29 0.03
  405 R    -2   5   2  -1  -4   1   0  -2   0  -3  -3   3  -2  -3  -2  -1  -1  -3  -2  -3    0  67  17   0   0   0   0   0   0   0   0  17   0   0   0   0   0   0   0   0  0.64 0.04
  406 F    -3  -3  -3  -4  -3  -3  -3  -4  -1  -1   0  -3   0   7  -4  -3  -2   1   4  -1    0   0   0   0   0   0   0   0   0   0   0   0   0  83   0   0   0   0  17   0  0.89 0.05
  407 K    -1   1   2  -1  -3   2   1  -2   3  -3  -3   4  -2  -3  -2   0  -1  -3  -1  -3    0   0  15   0   0  10   0   0  13   0   0  63   0   0   0   0   0   0   0   0  0.45 0.04
  408 F     1  -3  -3  -3  -2  -3  -3  -3  -2   0   0  -3   0   6  -3  -2  -2   0   2   1   17   0   0   0   0   0   0   0   0   0   0   0   0  67   0   0   0   0   0  17  0.48 0.04
  409 F    -2  -3  -4  -4  -2  -3  -3  -4  -2   1   2  -3   0   5  -4  -3  -2   6   2   0    0   0   0   0   0   0   0   0   0  17  21   0   0  46   0   0   0  17   0   0  0.58 0.03
  410 S     3  -1  -1  -1  -1  -1  -1   0  -2  -2  -2  -1  -1  -3  -1   2   2  -3  -2  -1   58   0   0   0   0   0   0   0   0   0   0   0   0   0   0  25  17   0   0   0  0.37 0.03
  411 V    -1  -3  -3  -4  -1  -2  -3  -4  -3   3   3  -3   3   0  -3  -2  -1  -2  -1   2    0   0   0   0   0   0   0   0   0  17  44   0  14   0   0   0   0   0   0  25  0.35 0.02
  412 V    -1  -3  -3  -4  -2  -3  -3  -4  -2   1   2  -3   1   4  -3  -2  -1  -1   1   2    0   0   0   0   0   0   0   0   0   0  36   0   0  37   0   0   0   0   0  28  0.35 0.02
  413 P    -1  -2   1  -1  -3  -1  -1  -2  -2  -3  -3  -1  -3  -4   8  -1  -1  -4  -3  -3    0   0  12   0   0   0   0   0   0   0   0   0   0   0  88   0   0   0   0   0  1.81 0.04
  414 H    -1   0   0  -1  -3   1   0   1   6  -3  -3   2  -2  -2  -2   0   0  -3   0  -3    0   0   0   0   0   9   0  17  42   0   0  20   0   0   0   0  12   0   0   0  0.38 0.02
  415 S     1   0   0  -1  -2   3   0  -1  -1  -1  -1   0  -1  -2  -1   2   2  -3  -2   1   12   0   0   0   0  33   0   0   0   0   0   0   0   0   0  19  20   0   0  17  0.22 0.02
  416 R    -1   5  -1  -2  -2   0   0  -2  -1  -1   0   1   0  -2  -2  -1  -1  -2  -1  -1    2  64   1   1   0   1   1   1   0   1  18   1   0   1   1   1   1   0   1   1  0.37 0.02
  417 L     1  -2  -3  -4  -1  -2  -3  -3  -3   1   4  -2   2   0  -3  -2  -1  -2  -1   1   17   0   0   0   0   0   0   0   0   0  83   0   0   0   0   0   0   0   0   0  0.37 0.02
  418 K     1   3  -1   0  -3   2   3  -2  -1  -3  -3   2  -2  -3  -1   0  -1  -3  -2  -2   17  20   0   0   0  10  33   0   0   0   0  20   0   0   0   0   0   0   0   0  0.38 0.02
  419 N    -1  -1   3   0  -2   1   0  -2   4  -2  -2  -1  -1   2  -2   0   2  -2   0  -2    0   0  30   0   0  12   0   0  17   0   0   0   0  20   0   0  20   0   0   0  0.26 0.02
  420 T     1  -2   1  -2  -1  -1  -2  -2  -2   2   1  -1   2  -1  -2   0   2  -3  -2   1   20   0  10   0   0   0   0   0   0  20  17   0  12   0   0   0  20   0   0   0  0.12 0.01
  421 L     0   1  -1   2   3   1   0  -2  -1   0   1   0   0  -1  -2  -1  -1  -2  -2  -1   11  10   0  18  10  13   1   1   0   1  31   1   0   0   1   1   1   0   0   1  0.09 0.01
  422 K    -1   2   0   0  -3   3   3  -2   0  -3  -2   3  -1  -3  -1   0  -1  -2  -2  -2    1  11   0   1   0  20  21   1   0   1   1  40   0   0   1   1   1   0   0   1  0.40 0.02
  423 T     0   0   0  -1  -2   3   0  -1   0  -2  -2   0  -1  -1  -1   2   1  -1   3  -2    1   1   0   1   0  31   1   1   0   1   1   1   0   0   1  33  11   0  17   1  0.25 0.02
  424 K     0   3   0  -1  -2   1   0  -1  -1  -2  -2   3  -1  -2  -1   1   1  -2  -1  -1    2  22   1   1   1   1   2   2   1   1   2  31   1   1   1  12  14   0   1   2  0.22 0.01
  425 M     1  -1  -1  -2  -1  -1  -1   2  -2   0   0   0   2  -1  -1   0   1  -2  -1   1   11   1   1   1   0   1   1  22   0   1   2  11  21   1   1   1  11   0   1  14  0.09 0.01
  426 P     0  -2  -1  -1  -2  -1  -1   2  -2  -2  -1  -1   1  -2   5   0  -1  -2  -2  -2    1   1   1   1   0   1   1  22   0   1   2   1  13   1  41  11   1   0   1   1  0.62 0.02
  427 P    -1  -2  -2  -2  -3  -2  -1  -2  -2  -2  -3  -1  -2  -3   7   0  -1  -4  -3  -1    0   0   0   0   0   0   0   0   0   0   0   0   0   0  80  10   0   0   0  10  1.55 0.04
  428 V     0  -2  -2  -2  -1  -2  -2  -2  -2   2   1  -2   0  -1  -2  -1   0  -2  -1   4    2   1   1   1   0   1   1   2   0   1   2   1   0   1   1   1   1   0   1  81  0.26 0.02
  429 A     4  -2  -2  -2  -1  -1  -1   0  -2   0  -1  -1  -1  -2  -1   1   0  -3  -2   1   83   0   0   0   0   0   0   0   0   0   0   0   0   0   0   0   0   0   0  17  0.37 0.03
  430 G     0  -3  -1  -2  -3  -2  -2   6  -2  -4  -4  -2  -3  -4  -2  -1  -2  -3  -3  -4    0   0   0   0   0   0   0 100   0   0   0   0   0   0   0   0   0   0   0   0  1.15 0.04
  431 F    -3  -3  -3  -4  -3  -4  -4  -4  -2   0   0  -4   0   7  -4  -3  -3   1   3  -1    0   0   0   0   0   0   0   0   0   0   0   0   0 100   0   0   0   0   0   0  0.93 0.05
  432 S     1  -1   0   1  -1   0   0   1  -1  -3  -3  -1  -2  -3  -1   4   2  -3  -2  -2    0   0   0  10   0   0   0  10   0   0   0   0   0   0   0  68  12   0   0   0  0.39 0.03
  433 T    -1   0   0   1  -3   2   4  -2   0  -3  -3   2  -2  -3  -1   0   1  -3  -2  -2    0   0   0   0   0   0  67   0   0   0   0  17   0   0   0   0  16   0   0   0  0.50 0.01
  434 L    -2  -2  -4  -4  -1  -2  -3  -4  -3   2   4  -3   2   0  -3  -3  -1  -2  -1   1    0   0   0   0   0   0   0   0   0   0 100   0   0   0   0   0   0   0   0   0  0.48 0.01
  435 L    -1  -2  -2  -1  -2   0   2  -3  -2   1   2  -1   1  -1  -2  -2  -1  -2  -1   2    0   0   0   0   0   0  28   0   0   0  45   0   0   0   0   0   0   0   0  27  0.18 0.00
  436 M    -1  -1  -2  -3  -2   0  -2  -3  -2   1   2  -1   6   0  -3  -2  -1  -2  -1   1    0   0   0   0   0   0   0   0   0   0   0   0 100   0   0   0   0   0   0   0  0.35 0.00
  437 T     0  -1   0  -1  -1  -1  -1  -2  -2  -1  -1  -1  -1  -2  -1   1   4  -2  -2   0    0   0   0   0   0   0   0   0   0   0   0   0   0   0   0   0   0   0   0   0  0.00     0.00

                      K         Lambda
Standard Ungapped    0.1374     0.3212
Standard Gapped      0.0410     0.2670
PSI Ungapped         0.1374     0.3212
PSI Gapped           0.0410     0.2670
