
Last position-specific scoring matrix computed, weighted observed percentages rounded down, information per position, and relative weight of gapless real matches to pseudocounts
            A   R   N   D   C   Q   E   G   H   I   L   K   M   F   P   S   T   W   Y   V   A   R   N   D   C   Q   E   G   H   I   L   K   M   F   P   S   T   W   Y   V
    1 M    -2  -2  -3  -4  -2  -1  -3  -3  -2   1   3  -2   7   0  -3  -2  -1  -2  -1   0    0   0   0   0   0   0   0   0   0   0  26   0  74   0   0   0   0   0   0   0  0.58 0.07
    2 D    -1   2   1   5  -3   0   1  -2  -1  -3  -3   0  -2  -3  -2   0   2  -4  -3  -2    0  16   0  58   0   0   0   0   0   0   0   0   0   0   0   0  26   0   0   0  0.56 0.05
    3 M    -2  -3  -3  -4  -2  -2  -3  -4  -3   3   3  -3   4   0  -3  -3  -1  -2  -2   2    0   0   0   0   0   0   0   0   0  37  28   0  25   0   0   0   0   0   0  10  0.42 0.06
    4 V    -1   1   2   2  -3   2   3  -2   0  -3  -3   1  -2  -3  -2   0  -1  -3  -2  -1    0   8  17  11   0   9  38   0   0   0   0  11   0   0   0   0   0   0   0   6  0.41 0.05
    5 K    -1   0   0   2  -3   3   1  -2  -1  -1   0   2  -1  -2  -2  -1   0  -3  -2   0    0   0   0  20   0  28   0   0   0   0  15  20   0   0   0   0   8   0   0   9  0.23 0.05
    6 V    -1  -3  -4  -4  -1  -3  -3  -4  -4   2   3  -3   1   0  -3  -3  -1  -3  -2   3    0   0   0   0   0   0   0   0   0   8  46   0   0   0   0   0   0   0   0  46  0.43 0.06
    7 N    -2  -1   7   1  -4  -1  -1  -1   0  -4  -4  -1  -3  -4  -3   0  -1  -5  -3  -4    0   0 100   0   0   0   0   0   0   0   0   0   0   0   0   0   0   0   0   0  1.17 0.13
    8 S     1   1   0  -1  -2   3   2  -1  -1  -3  -3   0  -2  -3  -1   3   0  -3  -2  -2    9   9   0   0   0  20  11   0   0   0   0   0   0   0   0  51   0   0   0   0  0.39 0.06
    9 M     0  -2  -3  -4  -2  -2  -3  -3  -3   1   3  -2   6   0  -3  -2  -1  -2  -2   0   10   0   0   0   0   0   0   0   0   0  41   0  50   0   0   0   0   0   0   0  0.49 0.09
   10 D     0  -2   0   5  -2  -1   0  -1  -2  -3  -3  -1  -2  -3  -2   2   2  -4  -3  -2    9   0   0  49   0   0   0   0   0   0   0   0   0   0   0  27  15   0   0   0  0.53 0.07
   11 F     0  -1  -1   1  -2  -1   1  -2   0  -1  -1   0  -1   2  -2  -1   0   0   4  -1   11   0   0   9   0   0  15   0   0   0   7  10   0  13   0   0  11   0  25   0  0.19 0.04
   12 G    -1  -1   0   2  -3   3   3   2  -1  -4  -3   0  -2  -4  -2   1  -1  -3  -3  -3    0   0   0   9   0  25  35  20   0   0   0   0   0   0   0  11   0   0   0   0  0.46 0.06
   13 E    -1   1   0   2  -3   2   3  -2  -1  -3  -3   0  -2  -3  -2   1   2  -3  -2  -2    0  10   0   9   0   8  39   0   0   0   0   0   0   0   0   9  25   0   0   0  0.40 0.05
   14 F    -3  -3  -4  -4  -3  -4  -4  -4  -2  -1   1  -4   0   7  -4  -3  -3   0   2  -1    0   0   0   0   0   0   0   0   0   0  11   0   0  89   0   0   0   0   0   0  1.04 0.11
   15 V    -1  -3  -3  -3  -1  -3  -3  -4  -3   2   1  -3   0   2  -3  -2   1  -2   0   4    0   0   0   0   0   0   0   0   0  11   8   0   0  15   0   0  11   0   0  56  0.32 0.06
   16 D    -2  -1   1   6  -4   0   2  -2   3  -4  -4   1  -3  -4  -2  -1  -2  -4  -2  -4    0   0   0  72   0   0   8   0  11   0   0   9   0   0   0   0   0   0   0   0  0.85 0.09
   17 V     1  -2  -2  -3   4  -2  -2  -2  -3   0   1  -2   0  -2  -2   0   2  -3  -2   2   19   0   0   0  15   0   0   0   0   0  20   0   0   0   0   0  27   0   0  20  0.23 0.04
   18 F    -2  -3  -4  -4  -2  -3  -4  -4  -2   2   2  -3   0   5  -4  -3  -2   0   1   1    0   0   0   0   0   0   0   0   0  15  21   0   0  54   0   0   0   0   0  10  0.54 0.07
   19 G    -1  -3  -1  -2  -3  -2  -2   6   3  -4  -4  -2  -3  -3  -3  -1  -2  -3  -2  -4    0   0   0   0   0   0   0  85  15   0   0   0   0   0   0   0   0   0   0   0  1.08 0.09
   20 N    -1  -1   4   2  -3   0   1   1  -1  -2   0  -1  -1  -3  -2   1  -1  -4  -2  -2    0   0  45  10   0   0   9  11   0   0  15   0   0   0   0  11   0   0   0   0  0.34 0.05
   21 I     0  -3  -3  -4  -1  -3  -3  -3  -3   3   2  -3   1  -1  -3  -2  -1  -3  -2   4    7   0   0   0   0   0   0   0   0  34  15   0   0   0   0   0   0   0   0  45  0.39 0.05
   22 V    -2  -3  -3  -4  -2  -3  -3  -4  -1   2   0  -3   0   5  -3  -2   0   0   4   2    0   0   0   0   0   0   0   0   0  16   0   0   0  36   0   0   7   0  19  23  0.41 0.06
   23 E    -2  -1  -1   1  -4   1   6  -3  -1  -4  -4   0  -3  -4  -2  -1  -2  -4  -3  -3    0   0   0   0   0   0 100   0   0   0   0   0   0   0   0   0   0   0   0   0  1.07 0.12
   24 K     1   3   2  -1  -3   1   1  -2   4  -3  -3   2  -2  -3  -2   0  -1  -3  -1  -3   15  30  11   0   0   0  10   0  20   0   0  15   0   0   0   0   0   0   0   0  0.37 0.05
   25 C     1  -2  -1  -2   7  -2  -2  -2  -2  -2  -2  -2  -2  -3  -2   3   0  -3  -3  -2   12   0   0   0  40   0   0   0   0   0   0   0   0   0   0  48   0   0   0   0  0.71 0.11
   26 P    -1  -2  -2  -2  -3  -2  -1  -2  -2  -3  -4  -1  -3  -4   7   3  -1  -4  -3  -3    0   0   0   0   0   0   0   0   0   0   0   0   0   0  68  32   0   0   0   0  1.45 0.12
   27 L    -2  -3  -3  -3  -3  -2   1  -3  -3  -1   2  -2   0  -1   2  -2  -2   8   0   0    0   0   0   0   0   0  14   0   0   0  32   0   0   0  12   0   0  34   0   7  0.76 0.09
   28 I    -1  -3  -4  -4  -2  -3  -3  -4  -3   3   2  -3   1   2  -3  -3  -1  -2  -1   3    0   0   0   0   0   0   0   0   0  34  12   0   0  14   0   0   0   0   0  40  0.41 0.06
   29 A     5  -2  -2  -2  -1  -1  -1  -1  -2  -2  -2  -1  -2  -3  -1   1   1  -3  -2  -1   85   0   0   0   0   0   0   0   0   0   0   0   0   0   0   7   7   0   0   0  0.58 0.10
   30 A     3   0   2   0  -2   0   3  -1  -1  -3  -3   2  -2  -3  -1   0  -1  -3  -2  -2   40   0  12   0   0   0  26   0   0   0   0  22   0   0   0   0   0   0   0   0  0.34 0.07
   31 A     3   4  -1  -2  -2   2  -1  -1  -1  -3  -2   0  -2  -3  -2   0  -1  -3  -2  -2   52  34   0   0   0  14   0   0   0   0   0   0   0   0   0   0   0   0   0   0  0.44 0.09
   32 V     1  -2  -2  -3  -1  -2  -2  -2  -3   2   1  -2   2  -1  -2   0   1  -3  -2   2   17   0   0   0   0   0   0   0   0  15  12   0  14   0   0   9   8   0   0  25  0.18 0.04
   33 W     0   0  -2  -3  -3  -1   0  -2  -2  -3  -2  -2  -2   2  -3   1  -2   9   1  -3    9   8   0   0   0   0   9   0   0   0   0   0   0  12   0  14   0  48   0   0  1.07 0.11
   34 S     1  -2   0  -1  -2  -1  -1  -1  -2  -3  -3  -1  -2  -3   2   4   2  -3  -2  -2    9   0   0   0   0   0   0   0   0   0   0   0   0   0   9  68  14   0   0   0  0.53 0.09
   35 Q    -1   0   1  -1  -3   2   1   0  -1  -2  -1   2  -1  -2  -2   2   0  -2   1  -2    0   0   9   0   0  18   8   7   0   0   9  19   0   0   0  22   0   0   7   0  0.19 0.04
   36 R    -2   6  -1  -2  -4   3   0   1  -1  -4  -3   1  -2  -4  -3  -1  -2  -3  -2  -3    0  71   0   0   0  15   0  14   0   0   0   0   0   0   0   0   0   0   0   0  0.76 0.11
   37 P    -2  -3  -3  -2  -4  -2  -2  -3  -3  -4  -4  -2  -3  -5   8  -2  -2  -5  -4  -3    0   0   0   0   0   0   0   0   0   0   0   0   0   0 100   0   0   0   0   0  2.38 0.16
   38 F    -3  -3  -4  -4  -3  -4  -4  -4  -2  -1   1  -4   0   7  -4  -3  -3   0   3  -1    0   0   0   0   0   0   0   0   0   0  14   0   0  77   0   0   0   0   9   0  0.95 0.11
   39 S     2  -1   0  -1  -1  -1  -1  -1  -2  -3  -3   1  -2  -3  -1   4   2  -3  -2  -2   15   0   0   0   0   0   0   0   0   0   0   7   0   0   0  64  14   0   0   0  0.47 0.09
   40 G     0  -2   2   2  -2  -1  -1   1  -1  -3  -3  -1  -2  -3  -2   4   0  -4  -3  -3    0   0   7  13   0   0   0  12   0   0   0   0   0   0   0  68   0   0   0   0  0.51 0.09
   41 L    -1  -2  -2  -3  -2   1  -2  -3  -1   1   2  -2   1   2  -3  -1  -1  -1   2   1    0   0   0   0   0  14   0   0   0   8  34   0   0   9   0   7   0   0  12  15  0.19 0.04
   42 E     0  -1   0   2  -3   3   3   0   2  -3  -3   0  -2  -3  -2   1   0  -3  -2  -2    7   0   0  16   0  21  25   7   7   0   0   0   0   0   0   9   7   0   0   0  0.35 0.05
   43 D     1  -1   0   4  -3   2   2   1  -1  -3  -3   0  -2  -4  -2   1  -1  -4  -3  -3   14   0   0  42   0  12  15   8   0   0   0   0   0   0   0   9   0   0   0   0  0.47 0.06
   44 L    -2  -3  -4  -4  -2  -3  -4  -4  -4   3   4  -3   1   0  -4  -3  -2  -2  -2   1    0   0   0   0   0   0   0   0   0  21  79   0   0   0   0   0   0   0   0   0  0.60 0.09
   45 E    -2   1  -1   0  -3   2   3  -3   3   0  -2   0  -1   0  -2  -1  -2  -1   4  -1    0   8   0   0   0   8  40   0   9  12   0   0   0   0   0   0   0   0  23   0  0.36 0.07
   46 N     1   1   3   2  -2   1   0  -1  -1  -3  -3   1  -2  -3  -2   1   1  -3  -2  -2   15   9  22  12   0   8   0   0   0   0   0  12   0   0   0   8  14   0   0   0  0.27 0.04
   47 H     2   2  -1  -1  -2   2   0  -1   4  -3  -3   2  -2  -3  -2   1  -1  -3  -1  -2   30  15   0   0   0  12   0   0  18   0   0  18   0   0   0   7   0   0   0   0  0.31 0.06
   48 F     0   1  -3  -3  -2  -1  -2  -3  -2   2   1  -1   5   3  -3  -2  -1  -2   0   1   12  14   0   0   0   0   0   0   0  15   0   0  34  18   0   0   0   0   0   7  0.24 0.07
   49 F     0  -2  -1   1  -2  -1  -1   0  -1  -1  -1   0  -1   3  -2   0   0  -1   3   0    8   0   0  14   0   0   0   7   0   0   0   8   0  25   0   7   9   0  12   9  0.14 0.04
   50 A     1   1   1   1  -2   0   2   1  -1   0  -2   0  -1  -3  -2   1  -1  -3  -2  -1   18   8   8   7   0   0  24   9   0  14   0   0   0   0   0  12   0   0   0   0  0.16 0.04
   51 F    -1  -3  -3  -4  -2  -3  -3  -3  -3   3   0  -3   0   5  -3  -2   0   6   1   0    8   0   0   0   0   0   0   0   0  31   0   0   0  40   0   0   8  14   0   0  0.50 0.08
   52 I    -1  -3  -4  -4  -2  -3  -4  -4  -3   4   1  -3   0   2  -3  -3  -1  -2  -1   3    0   0   0   0   0   0   0   0   0  52   0   0   0  14   0   0   0   0   0  34  0.48 0.08
   53 D    -2   0   2   3  -4   3   3  -2   2  -4  -3   1  -2  -4  -2   0  -1  -4  -2  -3    0   0  14  25   0  20  24   0   7   0   0   9   0   0   0   0   0   0   0   0  0.51 0.06
   54 A     2  -1   0   2  -2   2   0   1  -1  -3  -3  -1  -2  -3  -1   3   1  -3  -2  -2   20   0   0  16   0  14   0   7   0   0   0   0   0   0   0  34   9   0   0   0  0.31 0.06
   55 L     2  -2  -3  -3  -1  -2  -2  -2  -3   1   3  -2   1  -1  -2  -1  -1  -3  -2   1   34   0   0   0   0   0   0   0   0   0  52   0   0   0   0   0   0   0   0  14  0.30 0.07
   56 P     0  -2   3   1  -3  -1  -1  -1  -1  -3  -3  -1  -3  -4   5   2   0  -4  -3  -3    6   0  26   9   0   0   0   0   0   0   0   0   0   0  34  25   0   0   0   0  0.69 0.08
   57 R    -1   2  -1   2  -3   2   1  -3  -1   0   0   0  -1  -2  -2  -1  -1  -3  -2   1    0  22   0  17   0  14  12   0   0   0  14   0   0   0   0   0   0   0   0  21  0.20 0.05
   58 S     1  -1   1   0  -2   1   2  -1  -1  -3  -3   0  -2  -3  -1   3   2  -3  -2  -2   15   0   9   0   0   8  17   0   0   0   0   0   0   0   0  37  14   0   0   0  0.33 0.06
   59 G    -1  -1   0   3  -3  -1   1   4  -2  -3  -4   1  -3  -4  -2   0   0  -3  -3  -3    0   0   0  26   0   0   9  40   0   0   0  16   0   0   0   0   9   0   0   0  0.47 0.06
   60 Q    -2   1  -1  -1  -4   6   1  -3  -1  -4  -3   3  -1  -3  -2  -1  -2   6  -1  -3    0   0   0   0   0  59   0   0   0   0   0  27   0   0   0   0   0  14   0   0  0.79 0.12
   61 E    -2  -2  -2  -1  -3   0   3  -4  -2   1   3  -1   1  -1  -3  -2  -1  -3  -2   0    0   0   0   0   0   0  40   0   0  12  48   0   0   0   0   0   0   0   0   0  0.33 0.07
   62 G    -1  -1   0   1  -3   3   2   4  -1  -4  -4   1  -2  -4  -2  -1  -2  -3  -3  -3    0   0   0   9   0  20  22  40   0   0   0   9   0   0   0   0   0   0   0   0  0.50 0.06
   63 I     1  -3  -3  -4  -1  -3  -3  -3  -3   3   3  -3   1  -1  -3  -2  -1  -3  -2   2   14   0   0   0   0   0   0   0   0  33  34   0   0   0   0   0   0   0   0  19  0.33 0.05
   64 L    -2  -3  -4  -4  -2  -3  -4  -4  -3   3   3  -3   1   2  -3  -3  -1  -2   0   2    0   0   0   0   0   0   0   0   0  31  48   0   0  14   0   0   0   0   0   7  0.43 0.06
   65 R    -1   5   2  -1  -3   2   0  -2  -1  -4  -3   2  -2  -3  -2   1  -1  -3  -2  -3    0  56  12   0   0   9   0   0   0   0   0   9   0   0   0  14   0   0   0   0  0.58 0.08
   66 C     3  -2  -2  -3   7  -2  -2  -2  -3  -2  -1   0   2  -3  -2   0  -1  -3  -3  -1   42   0   0   0  40   0   0   0   0   0   0   9   9   0   0   0   0   0   0   0  0.60 0.10
   67 H    -3  -1   0  -2  -4   0  -1  -3  10  -4  -4  -2  -3  -2  -3  -2  -3  -3   1  -4    0   0   0   0   0   0   0   0 100   0   0   0   0   0   0   0   0   0   0   0  1.70 0.19
   68 P    -2  -3  -3  -2  -4  -2  -2  -3  -3  -4  -4  -2  -3  -5   8  -2  -2  -5  -4  -3    0   0   0   0   0   0   0   0   0   0   0   0   0   0 100   0   0   0   0   0  2.38 0.16
   69 D    -2   3   0   5  -4   2   2  -2   3  -4  -4   0  -3  -4  -2  -1  -2  -4  -2  -3    0  21   0  49   0  14   7   0   9   0   0   0   0   0   0   0   0   0   0   0  0.62 0.08
   70 L    -2  -3  -4  -4  -2  -3  -4  -4  -4   3   4  -3   1   0  -3  -3  -2  -2  -2   1    0   0   0   0   0   0   0   0   0  26  74   0   0   0   0   0   0   0   0   0  0.59 0.09
   71 A     3  -3  -1  -2  -2  -2  -2   5  -2  -3  -3  -2  -2  -3  -2   0  -1  -3  -3  -2   40   0   0   0   0   0   0  60   0   0   0   0   0   0   0   0   0   0   0   0  0.77 0.09
   72 G    -1  -2   2  -1  -2  -1   1   4  -2  -2  -2  -1  -2  -3  -2   0   2  -3  -3   0    0   0  14   0   0   0  16  40   0   0   0   0   0   0   0   0  18   0   0  12  0.35 0.06
   73 R    -1   5   1  -1  -3   0  -1  -2  -1  -3  -3   2  -2  -3  -2   1   1  -3  -2  -2    0  50   9   0   0   0   0   0   0   0   0   9   0   0   0  18  14   0   0   0  0.49 0.08
   74 D     1  -1   0   3  -2   1   1  -1  -1  -2  -2   0  -1  -2   3   0  -1  -2  -2  -1   15   2   2  29   1   8   8   3   1   2   3   2   1   1  15   2   2   0   1   2  0.29 0.02
   75 L     0  -1  -1  -1  -1  -1  -1  -1  -1   0   2  -1   1  -1  -1   2   0  -1  -1   0    3   2   2   2   1   1   2   3   1   2  43   2   1   1   2  28   2   0   1   2  0.12 0.03
   76 Q    -1   0  -1  -1  -2   3   0  -1  -1  -1  -1   1   1  -2   4   0  -1  -2  -1  -1    3   2   2   2   1  32   2   3   1   2   3   9   8   1  22   2   2   0   1   2  0.35 0.04
   77 Q     0   2   0  -1  -1   1   0  -1  -1  -1  -1   0  -1  -1  -1   1   0   4  -1   0    3  22   2   2   1   7   2   3   1   2   3   2   1   1   2  24   2   7   1  14  0.14 0.02
   78 G    -1  -1  -1  -2  -2  -1  -2   4  -2   1  -2   2  -1  -3  -2  -1   1  -3  -3   0    0   0   0   0   0   0   0  40   0  14   0  21   0   0   0   0  16   0   0   9  0.29 0.06
   79 T     0   1   3   0  -2   0   2  -2  -1  -2  -3   1  -2  -3  -2   0   3  -3  -2  -2    7   7  26   0   0   0  16   0   0   0   0   9   0   0   0   0  35   0   0   0  0.34 0.06
   80 L    -1  -2  -2  -2  -1  -1  -2  -2  -2   2   3  -2   4   0  -2   0  -1  -2  -1   0    1   1   1   1   0   1   1   1   0  10  41   1  25   1   1  13   1   0   0   1  0.25 0.05
   81 T     0  -2   0  -1  -2  -1  -1  -2  -2  -2  -2  -1  -2  -3  -2   3   5  -3  -2  -1    0   0   0   0   0   0   0   0   0   0   0   0   0   0   0  35  65   0   0   0  0.63 0.11
   82 A     2  -2   0   5  -3  -1   0  -1  -2  -3  -3  -1  -3  -4   1   1  -1  -4  -3  -2   25   0   0  55   0   0   0   0   0   0   0   0   0   0   7  12   0   0   0   0  0.59 0.08
   83 E     0  -2  -1   2  -3   0   4  -3  -1   0  -1  -1  -1   3  -2  -1  -1  -2   0  -1    8   0   0   9   0   0  48   0   0  12   0   0   0  23   0   0   0   0   0   0  0.33 0.07
   84 S     2  -2   0  -1  -1  -1  -1  -1  -2  -3  -3  -1  -2  -3  -1   5   1  -4  -2  -2   14   0   0   0   0   0   0   0   0   0   0   0   0   0   0  86   0   0   0   0  0.67 0.12
   85 Q    -2   3  -1  -1  -3   5   1  -3   0  -2  -2   1  -1  -2  -2  -1  -1  -2   2   0    0  21   0   0   0  50   8   0   0   0   0   0   0   0   0   0   0   0  12   9  0.49 0.09
   86 R     0   5   1  -1  -4   1   3   0  -1  -4  -3   1  -2  -3  -2  -1  -1  -3  -2  -3    8  53   7   0   0   0  25   7   0   0   0   0   0   0   0   0   0   0   0   0  0.52 0.08
   87 E    -2  -1  -1   1  -5   1   6  -3  -1  -4  -4   0  -3  -4  -2  -1  -2  -4  -3  -3    0   0   0   0   0   0 100   0   0   0   0   0   0   0   0   0   0   0   0   0  1.13 0.14
   88 Q    -2   0  -1  -1  -4   7   1  -3   0  -4  -3   1  -1  -4  -2  -1  -2  -3  -2  -3    0   0   0   0   0 100   0   0   0   0   0   0   0   0   0   0   0   0   0   0  1.20 0.17
   89 S     2  -1   0  -1  -1   1   0  -1  -1  -3  -3   1  -2  -3  -1   4   1  -3  -2  -2   23   0   0   0   0   9   0   0   0   0   0   9   0   0   0  51   7   0   0   0  0.38 0.07
   90 Q     0  -1   1  -1   4   3   0   0   2  -3  -3   0  -1  -3  -2   1   1  -3  -2  -2    7   0   9   0  12  27   0   6   9   0   0   0   0   0   0  16  14   0   0   0  0.28 0.06
   91 A     5  -2  -2   1  -1  -1  -1  -1  -2  -2  -2  -1  -2  -3  -2   0  -1  -3  -3  -1   88   0   0  12   0   0   0   0   0   0   0   0   0   0   0   0   0   0   0   0  0.59 0.11
   92 G     0  -1  -1  -1  -3  -1   0   5  -2  -3  -3   1  -2  -3  -2  -1  -2  -2  -3  -3    1   1   1   1   0   1   9  67   0   1   1  13   0   1   1   1   1   0   0   1  0.67 0.07
   93 L    -2  -3  -3   1  -2  -2  -2  -4  -3   1   4  -3   2   2  -3  -3  -2  -2  -1   0    0   0   0  12   0   0   0   0   0   0  67   0   7  14   0   0   0   0   0   0  0.40 0.07
   94 T     1   0   2   2  -2   1   0   1  -1  -2  -3   0  -2  -3  -2   1   2  -3  -2  -2   14   6   9  16   0   7   0   9   0   0   0   0   0   0   0  12  27   0   0   0  0.25 0.04
   95 S     0   1   1  -1  -2   0   1  -2  -1  -2   0   1  -1  -2  -2   2   2  -3  -2  -1    0   8   7   0   0   0   9   0   0   0  15   9   0   0   0  31  21   0   0   0  0.20 0.05
   96 L    -2  -3  -3  -4  -2  -3  -3  -4  -3   2   4  -3   1   0  -3  -2   1  -2  -2   1    0   0   0   0   0   0   0   0   0  12  74   0   0   0   0   0  14   0   0   0  0.48 0.08
   97 D     0  -2   0   4  -3  -1   1   1  -2  -3  -3  -1  -3  -3   2   2   1  -4  -3  -3    0   0   0  32   0   0   9  12   0   0   0   0   0   0   8  29   9   0   0   0  0.42 0.06
   98 T     3   1  -1  -1  -2   3   0  -1  -1  -2  -2   1  -1  -3   2   1   0  -3  -2  -1   41   8   0   0   0  21   0   0   0   0   0   9   0   0   8   7   5   0   0   0  0.31 0.06
   99 D     2  -1   0   3  -2   1   0   1  -1  -3  -3   1  -2  -3  -1   3   0  -3  -2  -2   22   0   0  20   0   9   0   7   0   0   0   7   0   0   0  34   0   0   0   0  0.32 0.06
  100 D     1  -1  -1   2  -3   3   4  -2  -1   0  -2   0  -2  -3  -2  -1  -1  -3  -2  -1   14   0   0  13   0  16  45   0   0  12   0   0   0   0   0   0   0   0   0   0  0.41 0.07
  101 R     0   2  -2  -3  -2   1  -1  -3   0   0   1   1   0   0  -3  -1  -1  -1   4  -1    7  18   0   0   0   9   0   0   0   7  26   7   0   0   0   0   0   0  25   0  0.20 0.05
  102 L     0  -1   1   0  -3   2   4  -2  -1  -1   0   0  -1  -2  -2  -1  -1  -3  -2   0    7   0   9   0   0  14  45   0   0   0  18   0   0   0   0   0   0   0   0   7  0.30 0.06
  103 R    -1   3   2   0  -3   0   2  -2   4  -3  -3   0  -2  -3  -2   0   2  -3  -1  -2    0  25  12   0   0   0  23   0  17   0   0   0   0   0   0   0  23   0   0   0  0.38 0.07
  104 L    -2  -3  -4  -4  -2  -3  -3  -4  -3   1   4  -3   3   4  -4  -3  -2  -1   1   0    0   0   0   0   0   0   0   0   0   0  53   0  15  32   0   0   0   0   0   0  0.53 0.08
  105 Q     1  -1   1  -1  -2   2  -1   0  -1   0   0  -1  -1  -1  -2   0   2  -2   1  -1   19   0   7   0   0  21   0   7   0   9   9   0   0   0   0   0  19   0   7   0  0.11 0.04
  106 Q    -1   3  -1  -1  -3   3   3  -3  -1  -2   0   0   1   0  -2  -1   0  -2  -1  -2    0  23   0   0   0  18  26   0   0   0   9   0   9   7   0   0   8   0   0   0  0.26 0.06
  107 L    -2  -3  -4  -4  -2  -3  -4  -4  -3   1   5  -3   1   0  -4  -3  -2   6  -1   0    0   0   0   0   0   0   0   0   0   0  86   0   0   0   0   0   0  14   0   0  0.74 0.10
  108 N    -2  -1   7   1  -3  -1  -1  -1   0  -4  -4  -1  -3  -4  -3   0   1  -5  -3  -3    0   0  93   0   0   0   0   0   0   0   0   0   0   0   0   0   7   0   0   0  1.11 0.14
  109 A     2  -1  -1   1  -2   3   2  -2  -1  -1  -1   0  -1  -2  -2   1  -1  -3  -2   0   25   0   0   8   0  21  17   0   0   0   7   0   0   0   0   7   0   0   0  14  0.19 0.05
  110 Q    -1   0  -1  -1  -3   4   1  -3   3  -2   0   1  -1  -3  -2   0   1  -3  -1  -2    0   0   0   0   0  44   7   0   9   0  14   9   0   0   0   0  16   0   0   0  0.36 0.08
  111 Y    -3  -3  -3  -4  -3  -2  -3  -4   1  -2  -2  -3  -2   2  -4  -3  -3   1   8  -2    0   0   0   0   0   0   0   0   0   0   0   0   0   0   0   0   0   0 100   0  1.54 0.17
  112 R    -2   4  -1  -1  -4   1   2  -3  -1  -3  -3   4  -2  -2  -2  -1  -1  -2   1  -3    0  34   0   0   0   0  12   0   0   0   0  45   0   0   0   0   0   0   9   0  0.55 0.08
  113 E     1  -1   0   3  -3   0   3  -2  -1  -3  -3   1  -2  -3  -1   1   0  -4  -3  -2   13   0   0  27   0   0  28   0   0   0   0  14   0   0   0  12   7   0   0   0  0.39 0.05
  114 R    -2   5  -1  -2  -4   1   0  -3  -1  -4  -3   5  -2  -4  -2  -1  -1  -4  -2  -3    0  49   0   0   0   0   0   0   0   0   0  51   0   0   0   0   0   0   0   0  0.80 0.11
  115 F    -3  -4  -4  -4  -3  -4  -4  -4  -2  -1   0  -4  -1   8  -5  -3  -3   0   2  -2    0   0   0   0   0   0   0   0   0   0   0   0   0 100   0   0   0   0   0   0  1.33 0.15
  116 G     0  -3  -1  -2  -3  -3  -3   6  -3  -5  -5  -2  -4  -4  -3  -1  -2  -3  -4  -4    0   0   0   0   0   0   0 100   0   0   0   0   0   0   0   0   0   0   0   0  1.39 0.13
  117 F    -3  -4  -4  -4  -3  -4  -4  -4  -2  -1   0  -4  -1   8  -5  -3  -3   0   2  -2    0   0   0   0   0   0   0   0   0   0   0   0   0 100   0   0   0   0   0   0  1.33 0.15
  118 P    -2  -2  -3  -2  -3  -2  -2  -3  -3   1  -2   1  -2  -4   7  -2  -2  -4  -3  -2    0   0   0   0   0   0   0   0   0  14   0  12   0   0  74   0   0   0   0   0  1.49 0.12
  119 F    -3  -4  -4  -4  -3  -4  -4  -4  -2  -1   0  -4  -1   8  -5  -3  -3   0   2  -2    0   0   0   0   0   0   0   0   0   0   0   0   0 100   0   0   0   0   0   0  1.33 0.15
  120 V    -1  -3  -4  -4  -1  -3  -3  -4  -4   4   1  -3   0  -1  -3  -2  -1  -3  -2   5    0   0   0   0   0   0   0   0   0  31   0   0   0   0   0   0   0   0   0  69  0.58 0.10
  121 L    -2  -3  -3  -4  -2  -2  -3  -4  -3   3   3  -3   4   0  -3  -3  -1  -3  -2   2    0   0   0   0   0   0   0   0   0  36  27   0  25   0   0   0   0   0   0  12  0.44 0.07
  122 A     3  -3  -3  -3   7  -2  -2  -1  -3  -2  -2  -2  -2   2  -2   0  -1  -2  -1  -1   52   0   0   0  36   0   0   0   0   0   0   0   0  12   0   0   0   0   0   0  0.62 0.10
  123 A     3  -2  -3  -3  -1  -2  -2  -2  -3   1   0  -2   0  -2  -2   0  -1  -3  -2   3   47   0   0   0   0   0   0   0   0   0   7   0   0   0   0   0   0   0   0  47  0.34 0.08
  124 R    -1   4   2  -1  -3   1   0  -2  -1  -3  -3   3  -2  -3  -2   1  -1  -4  -2  -3    0  42  12   0   0   0   0   0   0   0   0  32   0   0   0  14   0   0   0   0  0.54 0.08
  125 L    -1  -3  -1   2  -3  -2  -2   4  -2  -1   1  -2   2   0  -3  -1  -2  -2  -2  -2    0   0   0  16   0   0   0  44   0   0  19   0  15   6   0   0   0   0   0   0  0.35 0.06
  126 S    -1   3   2   0  -3   1   2  -2  -1  -3  -3   2  -2  -3  -2   2   0  -3  -2  -3    0  26  15   0   0   0  16   0   0   0   0  18   0   0   0  25   0   0   0   0  0.40 0.06
  127 D    -1  -2   3   3  -2  -1   0  -2  -1   0  -2  -1  -2  -3   2   1   2  -4  -3  -1    0   0  23  25   0   0   0   0   0   9   0   0   0   0  12   8  23   0   0   0  0.37 0.06
  128 R    -1   2  -1  -2  -3   0   0  -2   3  -2  -3   4  -2  -3   3  -1  -1  -4  -2  -1    0  11   0   0   0   0   0   0  14   0   0  53   0   0  15   0   0   0   0   8  0.48 0.08
  129 A     2  -1   3   1  -2   2   1   1  -1  -3  -3   0  -2  -3  -2   0   0  -3  -2  -2   33   0  19   8   0  18   7   8   0   0   0   0   0   0   0   0   6   0   0   0  0.28 0.05
  130 T     1  -1   0   3  -3   1   4  -2  -1  -3  -3   1  -2  -3  -2   0   1  -3  -3  -2   20   0   0  17   0   0  42   0   0   0   0   7   0   0   0   0  13   0   0   0  0.41 0.07
  131 V     0  -3  -4  -4  -2  -3  -3  -4  -3   5   1  -3   3  -1  -3  -2  -1  -3  -2   2    7   0   0   0   0   0   0   0   0  69   0   0  14   0   0   0   0   0   0  11  0.49 0.09
  132 P     0  -2  -2  -3  -2   0  -2  -3   2   1   1  -2   1   1   3  -1  -1  -2  -1   1    8   0   0   0   0   8   0   0   9  12  21   0   7   9  18   0   0   0   0   7  0.21 0.04
  133 R     0   4  -1  -2  -3   3   0  -2   3  -3  -1   1  -1  -3   2  -1  -1  -3  -1  -2    8  34   0   0   0  25   0   0  14   0   7   0   0   0  12   0   0   0   0   0  0.42 0.07
  134 E     3   1  -1  -1  -2   1   2  -1  -1   0  -2   0  -1  -3  -2   0   1  -3  -2  -1   39   7   0   0   0   7  25   0   0  12   0   0   0   0   0   0   9   0   0   0  0.22 0.06
  135 L    -2  -3  -4  -4  -2  -2  -3  -4  -3   2   4  -3   4   0  -3  -3  -2  -2  -2   1    0   0   0   0   0   0   0   0   0   9  75   0  16   0   0   0   0   0   0   0  0.58 0.09
  136 A     2   0  -1  -1  -2   2   2   0  -1  -2  -1   2  -1  -3  -2   1  -1  -3  -2  -2   25   0   0   0   0  12  16   7   0   0   9  23   0   0   0   7   0   0   0   0  0.21 0.04
  137 R     0   3   2   2  -3   1   3  -2  -1  -3  -3   1  -2  -3  -2   1  -1  -3  -2  -3    9  26  12   8   0   0  38   0   0   0   0   0   0   0   0   7   0   0   0   0  0.43 0.06
  138 R    -2   7  -1  -2  -4   0  -1  -3  -1  -4  -3   2  -2  -4  -3  -2  -2  -4  -3  -3    0 100   0   0   0   0   0   0   0   0   0   0   0   0   0   0   0   0   0   0  1.22 0.15
  139 L    -2  -3  -4  -4  -2  -3  -3  -4  -2   2   4  -3   1   0  -3  -3  -2  -1   2   1    0   0   0   0   0   0   0   0   0   8  70   0   0   0   0   0   0   0  14   8  0.48 0.08
  140 Q    -1   1   2   2  -3   3   3   0  -1  -3  -2   1  -2  -3  -2   0  -1  -3  -2  -3    0   7  12  16   0  22  23   7   0   0   6   7   0   0   0   0   0   0   0   0  0.35 0.05
  141 C    -2  -1   5   0   5  -1  -1  -2   4  -3  -3  -1  -3  -3  -3   1  -1  -4  -2  -3    0   0  57   0  18   0   0   0  16   0   0   0   0   0   0   9   0   0   0   0  0.68 0.10
  142 Q    -1   3   3   0  -3   1   2  -2  -1  -3  -3   0  -2  -3   2   1  -1  -4  -2  -3    0  21  21   0   0   5  24   0   0   0   0   0   0   0  12  16   0   0   0   0  0.42 0.06
  143 P    -1   3  -1  -1  -3   1   1  -2   2  -3  -3   2  -2  -3   5   0  -1  -3  -2  -3    0  25   0   0   0   7   8   0   9   0   0  12   0   0  33   6   0   0   0   0  0.65 0.06
  144 E     2  -1  -1  -1  -2   3   2  -1  -1   0  -2   0  -1  -3  -2   2   1  -3  -2  -1   20   0   0   0   0  21  15   0   0  14   0   0   0   0   0  23   7   0   0   0  0.23 0.05
  145 S     0   0  -1  -1  -2   3   1  -2  -1  -1  -2   2  -1  -3  -2   1   2  -3  -2   0    7   0   0   0   0  20   7   0   0   0   0  20   0   0   0   5  26   0   0  14  0.23 0.05
  146 E    -2  -1  -1   1  -5   1   6  -3  -1  -4  -4   0  -3  -4  -2  -1  -2  -4  -3  -3    0   0   0   0   0   0 100   0   0   0   0   0   0   0   0   0   0   0   0   0  1.13 0.14
  147 L    -2   0  -4  -4  -2  -3  -3  -4  -2   0   4  -2   1   4  -4  -3  -2  -1   1   0    0   7   0   0   0   0   0   0   0   0  58   0   0  34   0   0   0   0   0   0  0.50 0.08
  148 R    -2   3   2   0  -4   4   3  -2   0  -4  -3   2  -2  -4  -2  -1  -1  -3  -2  -3    0  26  12   0   0  32  21   0   0   0   0   9   0   0   0   0   0   0   0   0  0.54 0.07
  149 T    -1  -1  -1  -2   4   2  -1  -3  -2   1   0   0   0  -2  -2   0   3  -3  -2   0    0   0   0   0  15  18   0   0   0  14  12   7   0   0   0   0  34   0   0   0  0.24 0.06
  150 A     5  -2  -2  -2  -1  -2  -2   3  -2  -2  -2  -1  -2  -3  -2   0  -1  -3  -3  -1   81   0   0   0   0   0   0  19   0   0   0   0   0   0   0   0   0   0   0   0  0.60 0.10
  151 L     0  -3  -4  -4  -2  -3  -3  -3  -3   3   4  -3   1   0  -3  -2  -1  -2  -2   1   14   0   0   0   0   0   0   0   0  22  64   0   0   0   0   0   0   0   0   0  0.42 0.07
  152 G     0  -1   1   1  -2   0   2   2  -1   0  -1  -1   2  -2  -2   1  -1  -3  -2  -1    7   0   8   8   0   0  24  18   0   9   0   0  14   0   0  12   0   0   0   0  0.17 0.04
  153 E    -2  -1  -1   1  -5   1   6  -3  -1  -4  -4   0  -3  -4  -2  -1  -2  -4  -3  -3    0   0   0   0   0   0 100   0   0   0   0   0   0   0   0   0   0   0   0   0  1.13 0.14
  154 V    -1  -2  -3  -3  -2   1  -2  -4  -3   3   1  -2   3  -1  -3  -2  -1  -3  -2   4    0   0   0   0   0  14   0   0   0  18   0   0  12   0   0   0   0   0   0  56  0.36 0.08
  155 K    -2   1   1  -2  -3   0  -1  -2   2   0  -1   4   2  -1  -2  -1  -1  -2   2  -1    0   0   8   0   0   0   0   0   8  12   0  49  14   0   0   0   0   0   9   0  0.26 0.07
  156 K    -1   2  -1  -1  -3   1   2  -2  -1  -2  -2   5  -2  -3  -2  -1   0  -3  -2  -1    0   9   0   0   0   0  12   0   0   0   0  63   0   0   0   0   8   0   0   8  0.47 0.08
  157 I    -2  -4  -4  -4  -2  -4  -4  -5  -4   6   1  -4   1  -1  -4  -3  -1  -3  -2   2    0   0   0   0   0   0   0   0   0 100   0   0   0   0   0   0   0   0   0   0  0.82 0.13
  158 S     3  -2  -1  -2   6  -2  -2   0  -2  -2  -2  -2  -2  -3  -2   2   2  -3  -2  -1   34   0   0   0  29   0   0   6   0   0   0   0   0   0   0  18  14   0   0   0  0.46 0.07
  159 H     0   1   0  -1  -3   2   2  -2   4  -2  -2   1   1  -3  -2   1  -1  -3  -1  -2    8   9   0   0   0   7  22   0  19   0   0  12   9   0   0  13   0   0   0   0  0.28 0.05
  160 L    -2  -3  -3  -4  -2  -2  -3  -3  -3   1   4  -3   1   3  -3   0  -1  -2   0   0    0   0   0   0   0   0   0   0   0   0  69   0   0  18   0  12   0   0   0   0  0.43 0.08
  161 R    -2   7  -1  -2  -4   0  -1  -3  -1  -4  -3   2  -2  -4  -3  -2  -2  -4  -3  -3    0 100   0   0   0   0   0   0   0   0   0   0   0   0   0   0   0   0   0   0  1.22 0.15
  162 L    -2  -3  -4  -4  -2  -2  -3  -4  -3   2   4  -3   3   0  -3  -3  -2  -2  -2   1    0   0   0   0   0   0   0   0   0   7  79   0  14   0   0   0   0   0   0   0  0.60 0.09
  163 T     3  -1  -1  -2   2   2   1  -1   2  -1   0  -1  -1  -2  -2   0   0  -3  -2  -1   43   0   0   0   7  16   8   0   7   0  12   0   0   0   0   0   5   0   0   0  0.21 0.06
  164 D    -1   0   1   4  -4   1   3  -2  -1  -4  -4   3  -3  -4  -2   0  -1  -4  -3  -3    0   0   7  35   0   0  25   0   0   0   0  26   0   0   0   7   0   0   0   0  0.54 0.07
  165 L    -2   0  -4  -4  -2  -2  -3  -4  -3   3   4  -2   1   0  -3  -3  -1  -3  -2   1    0   8   0   0   0   0   0   0   0  33  59   0   0   0   0   0   0   0   0   0  0.44 0.07
  166 L    -2  -3  -4  -4  -2  -3  -4  -4  -3   2   3  -3   1   5  -4  -3  -2  -1   1   1    0   0   0   0   0   0   0   0   0  18  32   0   0  42   0   0   0   0   0   8  0.47 0.06
  167 G     0   3   0  -1  -2   0  -1   3  -1  -3  -3   0  -2  -3  -2   3   0  -3  -2  -3    0  32   0   0   0   0   0  26   0   0   0   0   0   0   0  43   0   0   0   0  0.38 0.03
  168 A     3  -1  -1  -1  -1  -1  -1   0  -1  -2  -2  -1  -1  -2  -1   3   1  -3  -2  -1   59   0   0   0   0   0   0   0   0   0   0   0   0   0   0  41   0   0   0   0  0.35 0.00
  169 H    -2   0   1  -1  -3   0   0  -2   7  -3  -3  -1  -2  -1  -2  -1  -2  -2   2  -3    0   0   0   0   0   0   0   0   0   0   0   0   0   0   0   0   0   0   0   0  0.00     0.00
  170 S     1  -1   1   0  -1   0   0   0  -1  -2  -2   0  -1  -2  -1   4   1  -3  -2  -2    0   0   0   0   0   0   0   0   0   0   0   0   0   0   0   0   0   0   0   0  0.00     0.00
  171 H    -2   0   1  -1  -3   0   0  -2   7  -3  -3  -1  -2  -1  -2  -1  -2  -2   2  -3    0   0   0   0   0   0   0   0   0   0   0   0   0   0   0   0   0   0   0   0  0.00     0.00
  172 S     1  -1   1   0  -1   0   0   0  -1  -2  -2   0  -1  -2  -1   4   1  -3  -2  -2    0   0   0   0   0   0   0   0   0   0   0   0   0   0   0   0   0   0   0   0  0.00     0.00
  173 A     4  -1  -2  -2   0  -1  -1   0  -2  -1  -1  -1  -1  -2  -1   1   0  -2  -2   0    0   0   0   0   0   0   0   0   0   0   0   0   0   0   0   0   0   0   0   0  0.00     0.00
  174 R    -1   5   0  -2  -3   1   0  -2   0  -3  -2   2  -1  -3  -2  -1  -1  -3  -2  -2    0   0   0   0   0   0   0   0   0   0   0   0   0   0   0   0   0   0   0   0  0.00     0.00
  175 V     0  -2  -3  -3  -1  -2  -2  -3  -3   2   1  -2   1  -1  -2  -2   0  -3  -1   4    0   0   0   0   0   0   0   0   0   0   0   0   0   0   0   0   0   0   0   0  0.00     0.00
  176 E    -1   0   0   1  -4   2   5  -2   0  -3  -3   1  -2  -3  -1   0  -1  -3  -2  -2    0   0   0   0   0   0   0   0   0   0   0   0   0   0   0   0   0   0   0   0  0.00     0.00
  177 L    -1  -2  -3  -4  -1  -2  -3  -4  -3   1   4  -2   2   0  -3  -2  -1  -2  -1   1    0   0   0   0   0   0   0   0   0   0   0   0   0   0   0   0   0   0   0   0  0.00     0.00
  178 P    -1  -2  -2  -1  -3  -1  -1  -2  -2  -3  -3  -1  -2  -4   7  -1  -1  -4  -3  -2    0   0   0   0   0   0   0   0   0   0   0   0   0   0   0   0   0   0   0   0  0.00     0.00

                      K         Lambda
Standard Ungapped    0.1363     0.3217
Standard Gapped      0.0421     0.2670
PSI Ungapped         0.1376     0.3181
PSI Gapped           0.0421     0.2670
