
Last position-specific scoring matrix computed, weighted observed percentages rounded down, information per position, and relative weight of gapless real matches to pseudocounts
            A   R   N   D   C   Q   E   G   H   I   L   K   M   F   P   S   T   W   Y   V   A   R   N   D   C   Q   E   G   H   I   L   K   M   F   P   S   T   W   Y   V
    1 M    -2  -3  -4  -5  -3  -2  -4  -4  -3   0   3  -3   8  -1  -4  -3  -2  -3  -2   1    0   0   0   0   0   0   0   0   0   0  29   0  66   0   0   0   0   0   0   5  1.06 0.27
    2 G     1  -1   1   1  -2  -1   0   2  -2  -2  -3  -1  -2  -3  -2   3   1  -4  -3   0   12   3   5   6   0   0   6  17   0   0   0   0   0   0   0  35   8   0   0   8  0.31 0.13
    3 M     0  -2  -2   0  -3  -3  -2  -2  -3   0   1  -3   7   1  -4  -2  -2  -3  -2   1    6   1   2   6   0   0   3   3   0   3  12   0  43   7   0   3   1   0   0  10  0.62 0.31
    4 A     1  -2  -1   1  -3   0   3   0  -2  -1  -2  -1  -1  -2   2   2   0   0  -3  -2   14   1   1   7   0   3  23   7   0   4   1   0   1   2  11  15   7   1   0   2  0.26 0.18
    5 A     2  -2   1   2   0   0  -1  -1  -3   0  -1  -1   4  -2  -1   1  -1  -4  -3  -1   24   2   6  12   2   4   3   3   0   5   5   2  14   1   2  10   3   0   0   3  0.19 0.19
    6 E     0   2   0   2  -4   2   2  -1  -1  -3  -2   1  -3  -4   3  -1  -2  -5  -4  -3    8  12   4  12   0   8  16   4   1   1   5   8   0   0  16   4   1   0   0   1  0.36 0.23
    7 S     0   0  -1   2  -4  -1   2  -2  -3  -5  -4   2  -2  -5   0   3   1  -5  -3  -4    8   4   2  12   0   2  17   3   0   0   1  16   1   0   4  21   9   0   1   0  0.42 0.31
    8 Q    -2   1   0  -1  -5   1  -1   2  -3  -3  -4   4  -1  -5   3  -1  -2  -5  -5  -4    3   6   3   3   0   7   3  19   0   2   1  28   1   0  17   3   2   0   0   0  0.58 0.36
    9 F    -2  -6  -6  -6  -3  -4  -4  -5  -2   4   3  -4   5   1   0  -5  -2  -3   2   1    2   0   0   0   0   0   1   1   1  27  22   1  16   5   6   0   2   0   8   7  0.82 0.45
   10 H    -5   6   1  -3  -7   0  -3  -6   4  -5  -7   5  -4  -7  -4  -1  -1  -7  -4  -6    0  37   7   1   0   3   1   0   9   1   0  31   0   0   1   5   3   0   0   0  1.26 0.66
   11 V    -2  -7  -8  -8  -6  -7  -8  -8  -8   5  -1  -7  -3   0  -7  -7  -3  -7  -5   6    3   0   0   0   0   0   0   0   0  28   5   0   0   3   0   0   1   0   0  59  1.76 0.79
   12 L    -3  -7  -8  -9  -2  -7  -8  -5  -4   0   6  -7   3  -1  -8  -6  -5  -2  -3  -1    2   0   0   0   1   0   0   1   1   3  78   0   6   2   0   1   0   0   1   4  1.73 0.80
   13 A    -1  -7  -7  -8  -1  -7  -7  -8  -7   5   3  -7  -2  -3  -7  -6  -5  -7  -6   5    4   0   0   0   2   0   0   0   0  34  26   0   0   1   0   0   0   0   0  33  1.39 0.65
   14 V     1  -7  -8  -8   0  -7  -7  -7  -8   3  -2  -7   1  -3  -7  -6  -5  -8  -6   7   12   0   0   0   2   0   0   0   0  13   2   0   3   1   0   0   0   0   0  67  1.74 0.81
   15 D    -7  -7  -3   8 -10  -4   4  -7  -7  -9  -9  -6  -9  -9  -7  -6  -7 -10  -9  -9    0   0   1  72   0   1  27   0   0   0   0   0   0   0   0   0   0   0   0   0  2.59 1.13
   16 D    -7  -7  -2   8  -9  -4  -1  -6  -3  -9 -10  -7  -9 -10  -5  -3  -4 -10  -9  -9    0   0   2  89   0   1   4   1   1   0   0   0   0   0   1   2   1   0   0   0  2.86 1.20
   17 S    -4  -4   4   5  -7  -2   3  -6   3  -4  -7  -4  -4  -5  -6   4  -2  -8  -5  -6    0   0  19  27   0   1  15   0   6   1   0   0   0   0   0  27   2   0   0   0  1.14 0.67
   18 L     2   0  -2   0  -2   0   0  -2   0  -1  -1   0   0  -1   4   0  -1  -5  -3  -1   20   5   2   4   1   3   6   3   2   4   6   4   2   2  20   5   3   0   1   4  0.27 0.24
   19 F     0  -2  -2  -1  -2  -3  -1  -3  -2   2   1  -2   1   2  -2   0   1  -4  -2   2    8   2   2   4   1   0   3   1   1  10  16   2   4   8   2   9   8   0   1  19  0.19 0.19
   20 D     0  -5   3  -1   0  -3  -4  -5   0   3   1  -4   4   1  -5   0  -1  -3  -1   2    8   0  15   4   2   1   0   0   2  16  10   0   9   7   0   6   4   0   2  14  0.39 0.31
   21 R     0   7  -4  -6   0   1  -5  -3  -4  -2   1  -3  -3  -3  -7  -3  -4  -7  -5  -2    8  57   1   0   2   5   0   2   0   3  14   0   1   1   0   2   1   0   0   3  1.35 0.73
   22 K    -1   3   0   0  -4   2   2  -1   1  -3  -3   2   2  -3  -4   0   0  -3  -2  -2    5  15   5   5   0  10  12   4   3   1   2  15   6   1   0   5   6   0   1   2  0.30 0.26
   23 L     0  -1  -2  -3  -3  -3   0  -1  -2   3   2  -2   2   0  -4  -1  -1  -2  -1   3    7   4   2   1   0   1   6   6   1  15  21   1   4   3   0   4   3   1   2  19  0.25 0.21
   24 I    -1  -6  -4  -6  -1  -4  -5  -6  -2   4   5  -6   2  -1  -6  -5   0  -3  -4   2    5   0   1   0   1   1   0   0   1  19  47   0   4   2   0   0   6   0   0  11  0.94 0.50
   25 E     1   2  -1  -3  -1   2   2  -2  -1  -2  -3   2  -2  -4  -4   1   2  -5  -4  -1   10  11   3   1   1   7  14   3   2   2   1  14   1   1   0  13  12   0   0   4  0.32 0.28
   26 R     0   3   0   1  -4   2   1  -1  -1  -2  -2   2   0  -1  -4   0   0  -1  -1  -3    8  17   4   7   0   8  10   5   1   2   4  11   3   3   0   6   5   1   3   1  0.22 0.20
   27 L     0  -3  -3  -4  -2  -1  -2  -2   0   3   3  -3   4   1  -5  -3  -2   1   2   1    8   1   1   1   1   3   2   3   2  17  25   1  11   5   0   2   2   2   7   7  0.39 0.27
   28 L    -5  -6  -6  -7  -2  -6  -7  -7  -7   2   6  -6   0   1  -7  -6  -5  -6  -5  -1    1   0   0   0   1   0   0   0   0  11  74   0   2   5   0   0   1   0   0   3  1.65 0.75
   29 Q    -1   2   0  -1  -3   2   4  -2  -2  -3  -2   1  -2  -4  -3   1   1  -5  -4  -2    5   9   5   3   0   7  28   2   0   1   5   9   1   1   1   9   9   0   0   3  0.39 0.30
   30 K    -1   2   0   2  -4   2   1  -2   2  -1  -2   3  -1  -3  -2   1   0  -1  -2  -3    4  10   4  10   0   9   9   3   4   3   3  19   1   1   1  10   4   1   1   1  0.26 0.21
   31 S     0  -1  -1   0   2   0   2  -1   2   0   1  -1   1   0  -1   1  -1   0   0  -1    7   3   2   5   4   3  15   3   5   6  15   1   3   4   3  10   3   2   4   2  0.08 0.11
   32 S    -1  -2   0   1  -1   1  -2   5  -2  -3  -4  -1  -1  -3  -2   1  -3  -2  -2  -4    5   2   4   9   1   6   3  44   1   1   2   3   1   1   2  11   1   1   1   1  0.67 0.37
   33 C    -1  -3  -3  -2   4  -2  -3  -2   1   1  -1  -3   0   4   0  -2  -3   1   6  -2    4   1   1   3   8   2   2   3   3   8   5   1   2  18   5   2   1   1  25   3  0.64 0.33
   34 Q    -1   2   0   2  -3   3   3  -3   1  -1  -3   2   0  -3  -3   0   0  -4  -3  -1    5   9   5  11   0  13  17   1   3   4   2  11   2   1   1   5   5   0   0   4  0.29 0.22
   35 V    -2  -5  -4  -5   1  -5  -5  -5  -5   3  -2  -5  -2  -3  -3  -3  -2  -5  -3   7    4   1   1   1   3   1   1   1   0  12   3   1   1   1   2   2   3   0   1  64  1.33 0.60
   36 T     0  -1  -1   1  -1  -1   1  -1   1   1  -1  -1   0  -1  -3   0   3  -3  -1   1    7   3   2   9   1   1   9   4   4   9   5   4   3   2   1   5  20   0   2  10  0.13 0.15
   37 T     2  -3  -3  -3   2  -1   0  -1  -1   2  -1  -2  -1  -2  -2   0   3   1  -3   1   15   1   1   1   4   2   8   5   1  11   6   2   1   2   1   6  19   2   0  12  0.22 0.20
   38 V     4  -4  -4  -4   2  -3  -2  -3  -2   0  -2  -3  -2   1  -3  -2   0  -2   0   4   38   1   1   1   4   1   2   1   1   5   2   1   1   6   1   1   6   1   3  25  0.63 0.39
   39 D     0   0   1   2  -2   0   1   1   0  -2  -3   0  -1  -2   0   1   1  -2  -1  -2   10   4   7  12   1   2  11  11   2   2   2   5   1   1   5   9   9   1   2   3  0.15 0.13
   40 S    -3  -2   4   5  -1  -1  -1  -3  -1  -5  -3  -3  -4  -4  -3   3  -1  -5  -3  -4    2   2  21  32   1   3   4   2   1   1   2   1   0   1   1  20   4   0   1   1  0.86 0.47
   41 G     2  -4  -2  -4  -3  -3  -3   5  -4  -3  -3  -4  -1  -2   0  -1  -2  -5  -4  -1   19   1   2   1   1   1   2  48   0   2   3   1   2   2   5   5   2   0   1   5  0.85 0.45
   42 S     0   1   0   1  -3   1   2  -2  -1  -1   0   1  -1  -1   0   0   0  -2  -2   0   10   9   3   9   0   7  14   3   1   3   9   9   1   2   4   6   4   0   1   6  0.11 0.11
   43 K     0  -1  -1   2  -4   3   4  -3  -1  -2  -2   1  -1  -3   0   0  -1  -4  -4  -2    7   3   2  13   0  11  28   2   2   2   3   8   2   1   5   5   3   0   0   3  0.42 0.29
   44 A     5  -3  -3  -2   2  -3  -2   0  -4  -3  -2  -3  -2   0  -2  -2  -2  -2  -4  -1   55   1   1   2   5   1   3   8   0   1   3   1   1   4   2   2   2   1   0   5  0.83 0.45
   45 L    -3  -2  -3  -3  -3  -3  -2  -4  -3   2   4  -3   2  -1  -4  -3  -2   2  -1   2    2   3   1   2   0   1   2   1   1  10  47   2   6   2   1   1   2   2   2  13  0.67 0.33
   46 E     0   1   1   2  -3   1   4  -1   0  -3  -3   0  -3  -3  -2   0  -1  -3  -3  -2    7   8   5  13   0   5  27   4   2   2   2   6   1   1   2   8   3   0   1   2  0.37 0.23
   47 F     0  -1  -2  -2  -1  -1  -1  -1  -1   1   1   0   2   1  -1  -1   0   1   1   1   10   3   1   2   1   2   4   5   1   6  18   6   6   6   2   4   4   2   4  13  0.06 0.07
   48 L    -1  -2  -3  -2  -2  -2  -3  -3  -2   3   4  -2   2   1  -2  -2  -1  -2  -2   2    4   2   1   2   1   1   2   3   1  16  36   2   4   5   2   3   3   0   1  12  0.41 0.19
   49 G     0   1   0   0  -1   0   0   1  -1  -1  -1   1   0  -1  -1   0   0  -2  -1  -1   10   8   4   4   1   4   7  14   1   3   7  10   2   3   3   7   5   1   2   3  0.06 0.04
   50 L     0   1   0   1  -2   1   1  -1   0  -1   0   0  -1  -1  -1   0   0  -1   0  -1    7   7   4   9   1   6  12   5   2   4  10   6   1   2   3   8   5   1   3   5  0.05 0.03
   51 R     1   0   1   0  -1   1   1   0   2  -1  -1   0  -1  -1   1   0  -1  -1   0  -1   13   6   6   6   1   5   8   7   6   3   6   6   1   2   6   6   3   1   3   5  0.06 0.04
   52 Q     0   0   0   1  -1   1   1  -1   2  -1  -1   0  -1  -1   1   0   0   0   0  -1    6   6   4   8   1   6   9   5   6   5   7   6   2   2   8   6   5   1   2   5  0.07 0.03
   53 S     0   0   1   1  -1   0   1   0   1  -1  -1   0   0  -1   0   0   0  -1   0  -1    9   4   7   8   2   4   9   7   3   5   6   6   2   3   5   6   4   1   3   5  0.04 0.01
   54 T     0   0   0   0   0   0   0   1   0  -1   0   0   0   0   0   0   0   0   0  -1    6   4   4   6   2   4   8  11   2   5   8   5   3   5   5   9   5   2   2   5  0.03 0.01
   55 D     0   0   0   1   0   0   0   0   0   0   0   0   0   0   0   0   0   0   0   0    9   4   4   9   2   5   7   6   2   5   7   6   2   4   5   5   4   1   3  10  0.02 0.00
   56 S     0   0   0   0  -1   0   0   0   0   0   0   0   0   0   1   0   0  -1   0   0    8   6   4   5   1   4   8   7   2   6   8   5   3   4   6   8   7   1   2   7  0.03 0.00
   57 N     0   0   0   0   0   0   0   0   0   0   0   0   0   0   0   0   0   0   0   0   11   4   5   6   2   4   7   8   2   5   8   5   2   4   4   7   5   1   3   7  0.02 0.14
   58 D     0   0   0   0  -1   0   0   0   0   0   0   0   0  -1   0   0   0  -1   0   0    7   4   3   6   1   5   7   6   4   6  10   5   3   3   5   7   6   1   2   9  0.01 0.00
   59 P     0   0   0   0   0   0   0   0   0   0   0   0   0  -1   1   0   0   0   0   0   11   6   4   6   2   5   6   6   2   5  10   5   2   3   5   8   5   2   3   7  0.02 0.00
   60 N     0   0   0   0  -1   0   1   0   0   0   0   0   0  -1   0   0   0  -1   0   0    7   6   6   6   2   5   8   7   2   5  10   5   2   3   5   8   5   1   2   6  0.03 0.00
   61 A     0   0   0   1  -1   0   0   0   0   0   0   0   0   0   0   0   0  -1   0   0   10   5   5  10   1   3   6   6   2   5   9   5   2   4   4   9   6   1   2   6  0.03 0.00
   62 F     0   0   0   0  -1   0   0   1   0   0   0   0   0   0   1   0   0   1   0   0    8   4   3   4   1   3   5  10   2   5  11   5   2   5   7   8   5   2   3   6  0.02 0.00
   63 S     0   0   0   0   0   0   0   0   0   0   0   0   0   0   0   0   0   0   0   0   10   4   4   6   2   4   7   6   2   6  10   5   2   4   4   7   6   1   3   6  0.01 0.14
   64 K     0   0   0   0  -1   0   1   0   0   0   0   0   0   0   0   0   0  -1   0   0    7   5   4   7   1   4   9   6   3   4  10   8   2   3   5   7   5   1   3   7  0.02 0.00
   65 A     1   0   0   0   0   0   0   0   0   0   0   0   0  -1   0   0   0   0   0   0   18   4   3   4   2   3   7   8   2   4  10   4   2   3   4   6   5   1   3   7  0.03 0.01
   66 P     0   0   0   0  -1   0   0   0   0   0   0   0   0   0   0   0   0  -1   0   0    8   7   4   4   1   4   7   5   2   6  10   5   4   3   5   6   5   1   4   8  0.01 0.00
   67 V     0   0   0   0  -1   0   1   0   0   0   0   0   0  -1   0   0   0  -1   0   0   10   6   5   7   2   5   8   6   2   6   7   6   2   3   4   8   5   1   3   6  0.03 0.00
   68 N     0   1   0   0  -1   1   0   0   0   0   0   1   0  -1   0   0   0   0  -1  -1    9   6   5   4   1   8   6   6   2   6   9  13   3   3   4   5   4   1   2   4  0.04 0.02
   69 H     1  -1   0   0   1   0   0  -1   0   0   0  -1   0   1  -1   0   0   1   0   0   14   3   5   5   4   4   4   4   3   7   9   4   3   6   3   6   4   2   2   9  0.01 0.01
   70 Q     0   1   1   0  -1   2   1  -2   0  -1  -1   1   0  -1   0   0   0  -2  -1  -1    7   9   6   4   1  11  11   3   2   2   7  10   3   2   4   8   4   0   2   4  0.11 0.07
   71 V     1   1   0   0  -1   1   2   0   0  -1  -1   1  -1  -1   0   1   0  -2  -1  -1   12   9   3   5   1   6  13   6   2   2   7   7   1   3   3  10   5   0   1   4  0.08 0.06
   72 V     0  -1   0   0  -1   1   0   0   1   0   1   0   0   0   0   0   0  -1   0   0    7   3   5   4   1   6   6   7   5   3  18   5   2   4   4   4   4   1   4   6  0.02 0.03
   73 E    -1   1   2   1  -2   1   1  -1   0  -2  -2   2  -1  -2   1   0  -1   0  -1  -2    5  10  11   8   1   6   9   5   2   2   4  15   1   1   6   6   4   1   2   3  0.15 0.09
   74 V    -2  -4  -4  -4  -2  -4  -4  -3  -4   2  -2  -4  -3   4   6  -4  -3  -2   4   1    2   1   1   1   1   1   1   2   0  11   2   1   0  15  37   1   1   0  12  11  1.00 0.45
   75 N    -3  -3   0   7  -3   0  -1  -1   1  -5  -5  -3  -5  -5  -4  -1  -4  -5  -5  -5    2   1   4  67   1   4   4   4   3   1   1   2   0   0   1   4   1   0   0   1  1.54 0.61
   76 L    -1  -5  -5  -6   0  -5  -5  -5  -5   3   4  -5   0  -2  -5  -4  -4  -5  -3   4    6   0   0   0   2   0   0   0   0  15  43   0   2   1   0   1   0   0   1  28  0.95 0.45
   77 I    -1  -5  -6  -6   1  -5  -5  -6  -6   5   1  -5   0  -3  -5  -5  -3  -3  -3   5    5   0   0   0   3   0   0   0   0  37  11   0   2   1   0   0   1   0   1  38  1.17 0.52
   78 I    -4  -5  -5  -5  -3  -5  -5  -6  -5   4   3  -5   1   3  -5  -4   2  -4  -3   2    0   0   0   0   0   0   0   0   0  26  29   0   2  14   0   1  12   0   0  12  0.83 0.41
   79 T    -1  -5  -5  -5   1  -4  -5  -5  -5   0   4  -5   6  -2  -5  -1   1  -1  -4   0    4   0   0   0   3   0   0   0   0   4  41   0  23   1   0   6  11   1   0   5  0.92 0.48
   80 D    -4  -6  -1   8  -7  -5  -1  -4  -5  -7  -7  -5  -7  -7  -6  -5  -5  -8  -7  -7    1   0   2  89   0   0   4   1   0   0   0   0   0   0   0   0   0   0   0   0  2.64 0.98
   81 Y    -3  -4  -2  -3   0  -3  -5  -6  -5   5   2  -4   1   0  -5  -4  -3   1   1   4    1   1   2   1   2   1   0   0   0  32  18   1   3   3   0   0   0   2   5  25  0.78 0.39
   82 C    -2   2   2   0   1   2   3  -3   2  -1  -2  -1   3  -2  -4   0  -2  -1   0  -1    1  11  11   4   4  11  18   2   5   4   2   2  10   1   0   5   2   1   3   3  0.30 0.26
   83 M    -5  -6  -6  -7  -6  -5  -6  -7  -6  -1   3  -4  10  -3  -7  -6  -3  -6  -5  -3    0   0   0   0   0   0   0   0   0   3  27   1  64   1   0   0   1   0   0   1  2.41 0.93
   84 P    -4  -5  -6  -5  -7  -3  -3  -4  -6  -4  -6  -3  -2  -7   8  -2  -4  -7  -7  -4    1   1   0   1   0   1   2   2   0   1   1   1   1   0  83   3   1   0   0   1  2.58 0.99
   85 G    -2   2   0   2  -4  -1   2   3   1  -2  -3   1  -2  -4  -3  -1  -2  -5  -3   1    1  11   4  14   0   2  12  22   4   2   2   8   1   1   0   2   2   0   1  11  0.33 0.25
   86 M    -3  -1  -5  -4  -1  -3   0  -2  -3   1   2  -1   8  -2  -5  -3  -3  -5  -2   1    1   3   0   1   1   1   7   4   0   8  16   3  41   1   0   2   1   0   1   9  0.98 0.51
   87 T    -4  -4   4   7  -3  -4  -2  -2  -1  -6  -6  -2  -6  -6  -5   2   0  -2  -6  -6    1   1  17  52   1   0   1   3   1   0   1   2   0   0   0  13   7   1   0   0  1.34 0.63
   88 G    -2  -7  -3  -6  -1  -6  -6   7  -6  -8  -8  -4  -7  -7  -6  -3  -6  -7  -7  -7    2   0   1   0   1   0   0  91   0   0   0   1   0   0   0   1   0   0   0   0  2.46 0.92
   89 Y    -4  -4  -6  -4  -2  -3  -6  -5  -1   4   4  -5   0   3  -2  -4  -2   0   3   1    1   1   0   1   1   1   0   1   1  20  33   0   2  13   2   1   2   1   8  10  0.74 0.41
   90 D    -1  -1  -2   3  -6   2   5  -1  -2  -4  -3  -1  -1  -6  -5   0   1  -6  -3  -4    5   2   1  18   0   8  34   4   1   1   2   3   1   0   0   7  10   0   1   1  0.68 0.46
   91 L     3  -5  -4  -6  -1  -5  -5  -4  -5   2   3  -5   1   3  -5  -3   0   1  -3   2   22   0   1   0   1   0   0   1   0   9  27   0   3  10   0   1   6   2   1  16  0.59 0.38
   92 L     1  -4  -5  -6   4  -3  -5  -4  -2   1   4  -4  -2  -1  -5  -2   3  -5  -3   0   14   1   0   0   8   1   0   1   1   7  38   1   1   2   0   3  17   0   1   7  0.64 0.41
   93 K    -1   5   0  -2  -3   2   2  -2   0  -5  -3   3  -2  -4  -1  -1  -1  -2  -4  -3    5  27   4   2   1   8  12   3   2   1   2  18   1   1   3   4   5   1   1   2  0.57 0.38
   94 K     0   4  -1  -1  -5   3   2  -4   0  -2  -1   3   1  -2  -5  -2  -1  -1  -1  -3    8  21   3   3   0  12  11   1   2   2   6  17   3   2   0   1   3   1   2   2  0.42 0.31
   95 V    -3  -5  -7  -8  -3  -7  -7  -8  -7   6   4  -4   2  -2  -7  -7  -4  -1  -3   1    3   1   0   0   1   0   0   0   0  47  30   1   4   1   0   0   1   1   1   9  1.43 0.65
   96 K    -2   6  -2  -3  -3  -1  -2  -4   1  -3  -2   3   5  -5  -5  -2  -1  -6  -4  -2    3  38   2   2   1   3   2   2   3   1   3  15  16   0   0   4   4   0   1   3  0.96 0.52
   97 E     1   2   0   0  -3   3   3  -3  -1  -4  -3   2  -1  -5  -2   1   0  -2  -3  -3   11   9   3   4   0  13  21   2   1   1   3  11   2   0   2   9   5   1   1   2  0.37 0.28
   98 S    -1   2   1   0  -2   1   1  -2   1   0   0   1   1  -1  -2   0  -1  -1  -1  -2    4  10   6   6   1   8  11   1   4   7   9   9   5   3   1   7   4   1   2   2  0.11 0.11
   99 S     0   1   1   1   0   0   1   1   1  -2  -2   1  -2  -1   1   1   0  -1   0  -2    6   6   6   9   2   3   7  11   4   2   4   8   1   3   6  11   4   1   4   3  0.09 0.08
  100 A     0   0  -1  -1  -2  -1   0  -1  -1  -1   0   1   0  -3   4   0  -1  -1  -1  -1    8   6   3   3   1   3   6   4   1   4  10   8   2   1  22   8   4   1   2   4  0.24 0.17
  101 F    -1   0  -1  -1   2  -1   0  -1   0  -2   1   0   0   1   0  -1   2   1   1  -1    4   4   3   4   4   2   8   4   3   1  13   7   3   8   5   3  14   2   5   3  0.07 0.09
  102 R     0   2   0  -1   0  -1   0  -1   0  -1  -1   1   1  -1   2   0  -1  -1   0  -1   10  12   4   3   2   2   4   5   3   3   6  10   5   2  12   7   3   1   3   4  0.12 0.09
  103 D    -1   1   2   3  -3   1   0  -1   4  -2  -3   1  -2  -3   0   0  -1  -1  -2  -2    6   7   9  19   0   5   5   5   9   2   2   7   1   1   4   7   3   1   1   4  0.27 0.17
  104 I    -2  -1  -4  -4   0  -2  -4  -4  -4   4   2  -2   1  -2   0  -3   2   1  -2   2    2   3   1   1   2   1   1   1   0  26  20   2   3   1   5   1  11   2   1  14  0.49 0.27
  105 P    -2  -1  -2  -3  -5  -1  -4  -3  -3  -3  -3   0  -1  -5   8  -3  -3  -5  -5  -1    3   3   2   1   0   2   1   2   1   2   3   5   1   1  62   2   1   0   0   5  1.62 0.70
  106 V    -2  -4  -6  -6  -2  -6  -6  -6  -6   5   0  -6  -1   0  -4  -4  -2  -6  -5   6    3   1   0   0   1   0   0   0   0  31   7   0   1   4   1   1   2   0   0  47  1.35 0.61
  107 V    -4  -7  -8  -8  -3  -7  -8  -4  -8   7   2  -7   0  -2  -7  -4  -5  -2  -3   4    1   0   0   0   1   0   0   1   0  49  16   0   2   1   0   2   0   1   1  25  1.53 0.69
  108 I     1  -6  -7  -7  -3  -6  -7  -2  -6   4   0  -6   7   3  -7  -3  -2  -6  -2   3   12   0   0   0   1   0   0   4   0  19   6   0  23  10   0   1   3   0   1  20  1.01 0.55
  109 M     0  -6  -7  -7   1  -4  -6  -7  -4   2   4  -6   5   2  -7  -3  -3  -6  -2   3    7   0   0   0   3   1   0   0   1  11  38   0  12   7   0   2   1   0   1  17  0.91 0.48
  110 S    -3  -6  -2  -3  -6  -6  -6  -6  -7  -3  -3  -6  -3  -7  -6   5   6  -8  -7  -4    2   0   1   1   0   0   0   0   0   1   3   0   1   0   0  40  48   0   0   1  1.69 0.90
  111 S     5  -4  -4  -4  -5  -4  -2   2  -3  -3  -5  -5  -2  -7  -3   2   2  -7  -6  -2   43   1   1   1   0   1   3  12   1   1   1   0   1   0   1  16  14   0   0   3  0.90 0.57
  112 E    -1   2   1   2  -3   0   0  -3   4  -3   0   1  -2   1  -4   0  -2  -4   2  -3    4  11   8  10   0   4   7   2  11   1  10   7   1   6   1   6   2   0   8   2  0.26 0.22
  113 N     1  -1   1   3  -5  -2  -1   2  -1  -2  -5  -3  -2  -3  -4   1   3  -6  -1  -2   14   3   7  18   0   1   4  13   1   3   1   1   1   1   1  11  16   0   2   3  0.41 0.32
  114 V    -1  -1   1   3  -3   2   2   0  -1  -1  -2  -1   0  -3  -3   1   0   0  -2  -2    5   3   5  16   1  11  12   9   2   4   4   3   2   1   1  11   5   2   2   3  0.22 0.21
  115 P     1   0  -1   1  -2   0   2  -2  -1   0  -1   1   0  -1   1   0   0  -3  -1   0   10   4   2   7   1   3  16   2   1   4   6  11   3   2   6   6   5   0   2   7  0.12 0.14
  116 A     1  -3   1   2  -3   0   4   0   0  -2  -5   0  -1  -4   0   0  -1  -6  -2  -2   11   1   6  13   0   4  25   8   2   2   1   5   2   1   4   6   4   0   2   3  0.37 0.30
  117 R     0  -1  -2   4  -5  -2   0  -4   0  -1  -1  -1   2  -1  -4  -1   2  -1   2   0    9   4   2  21   0   1   7   1   2   3   5   3   5   2   0   5  16   1   6   6  0.32 0.28
  118 I     1   2  -4  -3  -3  -1  -1  -3  -2   1  -1   2   2  -3  -2  -2   2  -5  -2   2   14  10   0   1   0   2   4   2   1   8   6  14   4   1   1   3  13   0   1  14  0.28 0.25
  119 S    -1  -1  -3  -1  -5   1   1  -4  -3   2   0   1   3   1  -4  -2  -2  -5  -1   3    4   4   1   3   0   6   9   1   0  12   9   8   7   7   0   3   2   0   2  22  0.29 0.25
  120 R     1   3   0   0  -6   2   2  -4  -1  -4  -2   4  -2  -5  -4  -2  -1  -4  -3  -3   10  16   5   4   0   9  15   1   1   1   4  22   1   0   1   2   5   0   1   2  0.49 0.37
  121 C     5  -4  -4  -6   6  -4  -6   2  -6  -3  -2  -6  -4  -1  -5  -1  -3  -3   0  -2   44   1   1   0  17   0   0  15   0   1   4   0   0   3   0   4   2   0   3   3  1.09 0.62
  122 L    -3  -3  -6  -5  -5  -3  -3  -5  -4   2   4  -2   4   3  -4  -4  -3  -3  -1   1    2   1   0   1   0   2   2   1   0  10  42   2  11  12   1   1   2   0   2   7  0.82 0.46
  123 E    -1   1  -1   2  -3   3   4  -2  -2  -2  -4   2  -3  -5  -5   0   0  -6  -4  -4    5   7   3  12   1  12  28   3   1   2   2  10   1   0   0   8   5   0   0   1  0.54 0.40
  124 E     3  -1  -1  -2   1  -2  -1  -2   2  -1   2  -2   1  -2  -3   1  -1  -4   0   0   24   2   4   2   3   2   3   2   5   3  21   2   3   1   1   9   3   0   4   6  0.24 0.24
  125 G    -4  -4  -1  -3  -8  -4  -3   7   0  -8  -6  -7  -8  -8  -7  -4  -7  -8  -4  -8    1   1   3   1   0   1   2  84   2   0   1   0   0   0   0   1   0   0   1   0  2.30 1.03
  126 A     6  -4  -6  -7   0  -6  -6  -3  -7   0  -4  -4   4  -1  -6  -3  -4  -7  -6  -1   66   1   0   0   2   0   0   2   0   6   2   1  11   2   0   1   1   0   0   5  1.53 0.81
  127 E    -1  -2   2   4   2  -1  -1  -5  -2   0  -1  -1   0   1  -5  -1  -1  -2  -1   1    6   2   9  26   4   2   4   0   1   5   7   3   2   7   0   5   3   1   2  12  0.35 0.28
  128 E    -2  -5  -2   7  -5  -3  -1   2   0  -6  -5  -6  -3  -2  -7  -2  -5  -3   0  -7    3   0   1  58   0   1   4  16   3   0   2   0   1   2   0   3   1   0   4   0  1.51 0.78
  129 F    -3  -5  -7  -8   2  -5  -7  -8  -1  -1  -3  -7  -4   6  -8  -5  -2  -1   8   1    3   0   0   0   3   1   0   0   1   4   3   0   0  26   0   1   3   1  43  10  1.74 0.80
  130 F    -5  -7  -8  -8  -6  -4  -7  -8  -7   5   4  -7   2   0  -7  -7  -4  -7  -4   3    1   0   0   0   0   1   0   0   0  30  39   0   5   4   0   0   1   0   1  20  1.34 0.64
  131 L     0  -3  -2  -1  -2   0  -1  -2  -2   0   2  -2  -1  -2   2   1   2  -5  -4   1    8   1   2   3   1   5   4   3   1   4  20   2   1   1  10  11  12   0   0  11  0.20 0.21
  132 K    -7  -3  -7  -7 -10  -5  -6  -8  -7  -9  -9   8  -8 -10  -8  -7  -3 -10  -8  -6    0   1   0   0   0   0   0   0   0   0   0  96   0   0   0   0   2   0   0   1  3.12 1.33
  133 P    -6  -5  -5  -2  -4  -4  -5  -5  -4  -9  -9  -5  -8  -9   9  -4  -4  -9  -9  -8    0   1   1   2   0   1   1   1   0   0   0   1   0   0  90   1   1   0   0   0  3.11 1.32
  134 V    -2  -3  -4  -6   0  -4  -2  -4  -5   2   1  -5  -1   6  -6  -3  -1  -1   0   3    4   1   1   0   2   0   4   1   0  11  11   1   1  34   0   2   4   1   2  20  0.82 0.45
  135 R    -1   1   1   3  -5   0   1  -1   1  -3  -3   1  -1  -5  -2   3   1  -5  -3  -3    5   8   6  15   0   4   9   5   3   1   3   9   1   0   2  20   8   0   1   1  0.30 0.26
  136 L     0   0  -2  -2  -4  -1   0  -3  -1   1   2   0   1   0   3  -1   0  -4  -1  -1    7   5   2   2   0   2   7   1   2   9  19   5   4   4  16   3   5   0   2   4  0.21 0.18
  137 A     0   1   1   3  -3   1   3  -2   0  -3  -3   1  -3  -4  -1   0  -1  -5  -3  -2    9   8   6  18   1   6  22   3   2   1   2   7   0   0   3   5   4   0   1   3  0.38 0.28
  138 D    -1   1   0   3  -4   1   4  -4  -1  -3  -2   0  -3  -4  -3  -2  -1  -2  -4   0    6   8   4  16   0   7  30   1   1   1   4   5   0   1   1   2   4   1   0   8  0.51 0.36
  139 L    -3  -5  -7  -5  -5  -4  -5  -7  -7   3   5  -5   3   0  -4  -6  -4  -6  -4   1    2   1   0   1   0   1   1   0   0  15  62   0   6   3   1   0   1   0   0   7  1.31 0.63
  140 N     0   2  -1  -1  -3   0   0  -1  -1   1   0   2   0   0  -2   0  -1  -3  -1   0   10  11   2   2   0   5   7   3   1   8  12  13   1   4   1   5   4   0   2   8  0.08 0.10
  141 K     2   2   3  -1  -4   1   1  -3   0  -2  -3   2  -2  -3  -3   0  -1  -5  -3  -2   20  11  14   4   0   7   7   1   2   3   2  13   1   1   1   6   3   0   0   3  0.31 0.26
  142 L     1   3  -3  -4  -1  -2  -2  -4  -2   3   1   0   1  -2  -4  -2   0  -5  -4   1   13  17   1   1   1   1   3   0   1  17  16   6   4   1   0   3   6   0   0   9  0.34 0.26
  143 K    -1   0  -3  -3   1  -3  -3  -4  -3   4   2  -1   0  -1  -3  -3  -2   5  -1   3    5   5   1   1   3   1   2   1   0  21  18   4   2   2   1   1   2   9   2  19  0.49 0.30
  144 P     0   3   0   0  -1   4   2  -2  -2  -4  -4   2  -2  -5  -2   0  -1  -5  -4  -3    9  16   3   5   2  19  12   3   0   1   1  11   1   0   2   8   4   0   0   1  0.45 0.33
  145 H     1   3   1  -1  -4   1   1  -2   5  -3  -3   1  -2  -2  -4  -1  -1  -5   0  -3   14  13   6   3   0   7   9   3  16   1   2   9   1   2   0   4   4   0   3   1  0.41 0.30
  146 M     1  -3  -4  -3  -3  -2  -5  -5  -5   2   3  -4   2  -1  -4  -4  -1   1  -1   4   13   2   1   2   0   1   0   0   0  11  26   1   5   2   1   0   3   2   2  27  0.60 0.37
  147 M    -2  -1  -3  -2  -3  -2  -2  -4  -4   2   4  -2   2   1  -5  -2  -2   2   0   2    3   4   1   2   0   2   2   1   0  12  36   2   4   6   0   2   2   3   3  12  0.44 0.29
  148 K     0   5   1  -3  -2   2   1  -3  -2  -4  -2   2  -1  -4  -4   0  -2  -5  -3  -3    8  33   6   1   1   8   9   2   1   1   4  14   1   1   1   7   2   0   1   1  0.61 0.40
  149 T     0   4  -1  -2  -2   1   0  -3   0  -3  -1   3   1  -3  -3   0   0  -2  -1  -2    7  23   3   2   1   5   5   2   2   1   6  20   4   1   1   6   7   1   2   2  0.36 0.27
  150 K     0   4  -1  -3  -3   2  -1  -4   0  -1  -2   4  -2  -4  -2  -2  -1  -2  -1   0    7  20   2   1   1   9   3   1   2   4   4  27   0   0   2   2   4   1   3   8  0.45 0.32
  151 L     0   0  -1  -1   1   0  -1  -3   0   1   2   0   1   0  -2   0  -1   1   0   0    5   6   2   3   3   5   3   1   3   8  22   5   5   3   1   8   4   2   4   8  0.08 0.10
  152 K     0   3   1  -1  -3   2   1  -1  -1  -2  -2   2  -2  -2  -2   1  -1  -4  -3  -2    8  18   6   3   0  10   9   4   1   2   5  11   1   2   2  12   2   0   1   2  0.25 0.21
  153 N     0   0   2   0  -2   1   2   0   0  -1  -2   0   1  -2  -2   0   0  -4  -2  -2   10   3  13   5   1   6  13   8   2   3   4   6   6   2   1   8   7   0   1   2  0.13 0.14
  154 Q     1   1   0   1  -2   2   2   0   2  -2  -2   0  -2  -3   0   0  -1   0  -1  -2   11  10   3   8   1  10  13   8   6   1   4   5   1   0   5   7   3   1   1   3  0.16 0.15
  155 K     0   3   0  -1  -4   1   1   0  -1  -3  -2   3  -3  -2  -1   1   0  -4  -1  -1    7  14   5   3   0   5  10   7   1   1   3  19   0   1   2  10   4   0   3   4  0.24 0.20
  156 L    -1   0  -2  -2  -3   1   0  -2  -1   1   1  -1  -1  -1   1   1   0  -1  -2   1    5   6   1   1   0   7   6   2   1  11  13   4   1   2   7  14   4   1   1  12  0.11 0.14
  157 E    -1   2   0   0  -4   2   2  -1   0  -1  -1   2  -2  -1  -1   1  -1  -4  -2  -1    5  12   4   6   0   8  12   4   2   4   8  13   1   2   2  10   1   0   1   5  0.15 0.15
  158 E    -1   1   1   1  -3   2   2  -2  -1  -1  -1   1  -1  -1   1   0  -1  -4  -2   0    5   7   7   8   0   9  12   2   1   2   8   9   1   3   6   5   3   0   1  10  0.11 0.12
  159 I     0   1   0   0  -3   0  -1  -2   0   1   0   0   0  -1   1   0   0  -2   0   0    8  11   5   4   0   4   2   2   3  10  11   4   2   1   8   8   7   0   3   7  0.07 0.09
  160 E     0   1   0   0  -2   2   1   0   0  -2  -2   1  -1  -3   1   2   0  -1  -3  -2    7  10   4   6   1   8  10   7   2   2   4   8   2   1   7  15   4   1   0   2  0.17 0.16
  161 T     1   1   0  -1  -3   2   2   0   1  -2  -1   0   0  -2  -1   0   2  -2  -2  -1   11   6   4   2   0  10  15   6   4   1   6   5   2   1   3   4  13   0   1   5  0.15 0.16
  162 T     0  -1   1   1  -2   0   0  -1  -1  -1   0  -1  -1  -2   1   1   2  -2  -2  -1   10   3   8   8   0   4   4   5   1   4  11   2   1   2   7  11  15   1   1   3  0.11 0.14
  163 S     0   0   1   0  -3   1   1   0   1   0  -1   0  -1  -2  -1   2   0  -4  -2  -1    9   5   7   6   0   7   8   6   3   5   6   6   1   1   2  17   5   0   1   5  0.11 0.12
  164 K     0   2   0  -1  -1   0   0  -2   1   0   0   0   2  -1  -1   1   1  -3  -1  -1    8  11   4   3   1   5   4   2   3   5  11   7   6   2   2   9  11   0   2   4  0.07 0.10
  165 V     0   0  -1  -1   0   0   1  -3   0   1  -1  -1   0  -1   1   0   0  -4  -2   2    9   6   2   3   2   5  10   1   3   9   5   2   2   3   8   8   4   0   1  19  0.11 0.14
  166 E     0  -1   0   2  -4   1   2  -1   1  -1   0   0   0  -3   1  -1  -1  -4  -3  -1   10   3   4  13   0   7  14   3   4   4  10   6   3   1   8   3   3   0   0   3  0.16 0.16
  167 N     1   1   2   0  -2   0   1   0   0  -2  -2   0  -1  -1   0   1   0  -4  -2  -1   11   9  11   4   1   5   9   8   2   2   3   4   1   3   5  12   5   0   1   4  0.12 0.12
  168 G     0  -1   1   0  -2   0   1   1   1   0  -1   0   0   0   0   0   0  -3  -1  -1    6   2   8   5   0   4  10  15   4   6   7   4   3   5   4   6   5   0   1   5  0.06 0.07
  169 V     0   1   0   0  -3   0  -1  -1  -1   0   0   1   0   0   0   0   0  -3  -1   0    7   9   5   4   0   4   3   4   1   6  10  12   2   4   5   7   5   0   2  10  0.04 0.06
  170 P     1   0   0   1   0  -1  -1   0   0  -2  -1   0  -3  -2   3   1   0  -4  -3  -1   12   6   3   8   2   3   3   7   2   2   7   5   0   2  15  12   7   0   1   4  0.17 0.15
  171 T     1  -1   0  -1  -3   0   0  -1  -2  -1   0   0   2  -2   0   2   1  -4  -2   0   13   2   4   3   0   5   6   3   1   4   8   7   6   1   4  17  10   0   1   5  0.13 0.16
  172 A     2   0   1   0  -3   0   0  -2  -1   0  -1   1   1  -2   1   1   0  -4  -2  -1   22   6   7   5   0   4   4   1   1   6   4   8   4   2   6  10   6   0   1   4  0.14 0.16
  173 V     0   1   0  -2  -3   0  -1   0  -2   0   0   1  -1  -1   2   0   0  -1  -2   1    8  11   4   1   0   5   3   6   1   5   7   8   1   2  12   6   6   1   1  13  0.12 0.12
  174 A     2  -1  -1  -1  -3   0   0   1   0   0  -1   0  -1  -2   0   2   0  -2  -2  -1   17   2   2   3   0   5   7   9   3   5   7   6   1   1   4  15   7   0   1   5  0.10 0.12
  175 D     0  -1   1   3  -3   0   0   0  -1  -1  -2   0   0  -3   0   1   1  -4  -3   1    7   4   6  21   0   3   5   6   1   3   4   6   3   1   3   8   8   0   0  10  0.18 0.16
  176 P     0   0  -1  -1  -5   0   0  -1   1  -4  -2  -1  -1  -5   6   1  -1  -5  -2  -2    7   4   3   3   0   5   6   5   3   1   3   4   2   0  36  11   3   0   1   2  0.66 0.39
  177 E     0   0   0   1  -4   2   2  -1   1  -2  -1   1   1  -1  -2   0   0  -4  -1   0    7   5   5  10   0  10  14   3   3   1   7   7   4   2   1   7   7   0   2   6  0.13 0.14
  178 I    -2   1   0   0  -2   0   2  -3   0   1   0  -1   2  -1   1   0   1  -4  -1   0    1   7   4   4   0   3  16   1   2   8  11   3   5   3   7   5  11   0   1   7  0.12 0.15
  179 K     0   1   0   0  -2   0   1  -1  -1   0   0   1   0  -1  -1   0   1  -1   1   0    5   8   5   4   1   4   8   3   1   7   9   9   1   2   2   9   8   1   7   6  0.04 0.07
  180 D    -1   3   3   1  -4  -1   1  -1   0  -1  -1   1  -3  -3   0  -1   0  -5  -3   0    5  16  14   8   0   2  10   5   3   3   5   6   0   1   5   4   7   0   0   6  0.20 0.19
  181 S     0  -1   1   1  -3   0   1  -2  -3  -1   1   0  -2  -1   0   1   1  -2  -3  -1    9   3   7   8   0   3  10   2   0   2  20   5   0   2   5  11   9   1   0   3  0.13 0.16
  182 T     0   0   1   0  -3   0   1  -1   0  -1  -1   1  -2  -1   1   1   2  -4  -3  -1    6   5   6   4   0   4  10   4   2   4   7   7   0   4   6  11  17   0   0   4  0.12 0.14
  183 N     2   0   2   0  -2  -1   1   1  -1  -2  -2   1  -1  -3   1   1  -1  -4  -3  -1   16   5  11   5   1   2   9   9   1   1   5  10   1   1   6  10   3   0   0   4  0.17 0.16
  184 I     0   1   0   0  -3   0   0  -1   0   0  -1   1  -1  -2   0   1   1  -3  -1   0    6   8   3   5   0   4   7   4   2   8   7   8   1   1   4  11  12   0   3   6  0.07 0.09
  185 E    -1  -1  -1   1  -4   2   3  -2  -1   0  -1   0   0  -1   0   0   0  -4  -1  -1    5   3   2   7   0  10  26   3   1   7   4   5   2   3   4   6   5   0   2   4  0.23 0.21
  186 I     1   1  -2  -3  -3  -1   0  -1  -2   2   1  -1   0   0  -1   0   0   0  -1   1   12   8   1   0   0   3   5   5   1  14  13   4   1   3   2   5   7   1   2  11  0.07 0.10
  187 E     0   0  -1   0  -3   0   2  -1   1   0   0   0   1  -3  -2   1   1  -4  -1  -1    8   5   2   4   0   4  14   3   4   7  10   6   4   0   1  14  10   0   1   3  0.12 0.15
  188 I    -1  -2  -2  -3  -3  -2  -3  -2  -2   3   3  -3   2   0  -2  -2   1   0  -2   2    3   3   1   1   0   2   1   3   1  18  29   1   5   3   2   2   8   1   1  14  0.35 0.24
  189 L     1  -1  -2  -3  -1  -3  -1  -2  -4   0   2  -2   1  -1  -3   0   2  -4  -2   1   15   4   1   1   1   0   4   2   0   5  26   2   4   2   1   6  14   0   1   9  0.22 0.21
  190 P    -1   0  -2   0  -2   0   0  -2   0  -1  -2   0  -3  -3   5   0   0  -5  -2  -1    5   6   2   6   1   4   5   2   2   4   4   7   0   1  32   6   6   0   1   5  0.49 0.30
  191 L    -1   0  -1  -2  -1   0   0  -2  -2   1   2   1   0  -1  -2  -1   1  -3  -1   0    4   5   3   2   1   4   6   3   1   7  28  11   1   2   2   4  10   0   2   4  0.12 0.15
  192 Q    -1   0  -2   1  -2   2   3  -2   3   0  -1   1   0  -2  -1  -1   0  -4  -1  -1    4   4   0   8   1   8  25   2   7   6   7   7   3   2   3   2   5   0   2   4  0.22 0.20
  193 Q     1   0   2   0  -3   2   0  -1   0  -1  -1   0  -1   1  -1   0   0  -3  -1   0   14   5  12   4   0  12   6   5   2   2   5   6   1   6   2   5   4   0   2   7  0.10 0.14
  194 D    -2   0   2   4  -5   1   4  -3  -3  -2  -3   1  -2  -2  -1  -1   0  -5  -1  -2    3   5   8  23   0   6  24   1   0   2   2   6   1   2   4   3   5   0   2   2  0.47 0.32
  195 L     0  -2   1   0  -3  -1  -2   1  -1   1   1  -1   1  -3  -2  -1  -1  -4  -2   3    9   2   6   4   0   2   2  10   2   9  12   4   3   0   2   4   2   0   1  24  0.14 0.16
  196 L    -2  -2  -1  -3  -1  -3  -3  -2  -2   2   4  -1   2  -1  -1  -2  -1  -4   2   1    3   2   4   1   1   0   1   3   1  12  40   3   4   1   3   3   3   0   7   7  0.35 0.26
  197 L     0   1   0  -1  -3   0   1  -1  -1  -1   0   1  -2  -2  -1   1   0  -2   3   0    6   6   3   3   0   4   8   3   1   4  10  10   0   0   2  11   6   0  12   8  0.09 0.12
  198 V     0   0   2  -1  -3   0   1  -1  -1  -1  -1   0   1  -3  -2   1   1  -1  -1   0    6   4  11   1   0   4  13   4   1   4   6   6   4   0   1  10  12   1   2   9  0.11 0.13
  199 Q    -1   1   1   0  -4   1   2  -2   0  -1  -1   3  -3  -1  -1   2  -1  -4  -3  -2    2   9   7   5   0   6  15   2   2   4   5  17   0   3   3  15   2   0   0   3  0.25 0.21
  200 Q     0   4   2   1  -4   2   1  -3  -2  -3  -3   1  -3  -2  -1   0   0  -4  -2  -2    7  24  12   8   0   8   8   0   0   1   1   6   0   2   3   8   5   0   1   3  0.35 0.26
  201 E    -1  -1  -2   0  -1  -1   3  -3   2   2   0   0  -1  -1  -2   0   0  -4  -3   0    4   3   0   6   1   1  23   1   7  13  11   6   1   3   1   8   4   0   0   7  0.19 0.20
  202 E     2  -1   2   3  -4   0   3  -2  -1  -1  -1  -1  -3  -4  -1   1  -1  -5  -4  -2   16   2  11  15   0   3  22   1   1   4   5   1   0   0   2  12   2   0   0   1  0.36 0.28
  203 Q     0  -2   0   0   3   1   0   0  -1   0  -2   1   0  -2   2   2  -1   0  -3  -3    7   0   4   6   8   7   5   6   2   7   2  10   3   2  12  15   1   1   0   0  0.21 0.20
  204 T    -1   0   0  -1  -3  -1   1   0  -1   0  -1   1   1  -3  -2   1   3   0   0   0    3   4   5   1   0   1   8   6   2   4   7   8   5   0   1  13  20   1   3   8  0.12 0.16
  205 L    -1   0   0  -2  -3  -1  -2  -2  -3   1   2  -2   2   1  -1   1   1   4  -1  -1    5   5   5   1   0   1   1   3   0   8  22   0   7   5   3  14   8   6   2   2  0.15 0.16
  206 S    -1  -1   1  -2  -3   0  -1   1  -1  -2   0   0  -2   1  -2   3   2  -3  -2   0    4   1   5   0   0   4   3   9   1   1   9   7   0   8   2  24  14   0   0   6  0.17 0.19
  207 I     0  -1  -1  -1  -1  -2  -1  -1   0   1   1  -1   0  -1  -1   1   0   3   0   1   10   3   3   3   1   0   3   3   3  13  12   4   2   1   2  12   6   5   2  11  0.07 0.09
  208 N    -1  -1   1   3  -4   1   2  -2   0  -4  -4   0  -3  -4  -2   2   1   0   0  -2    3   1   6  20   0   7  11   2   3   0   0   6   0   0   1  20  11   1   4   3  0.37 0.26
  209 N    -1   0   3   2  -4   0   0  -2   2  -1  -3   0  -3  -4  -1   1   2  -4  -1   0    5   6  19  12   0   2   5   2   6   4   0   5   0   0   2   9  13   0   2   6  0.26 0.21
  210 K     0   3  -2  -1  -4   1   1  -3   1  -2  -3   4  -1  -3  -1   0  -1  -4   1   0    7  18   0   3   0   5   8   0   4   2   0  27   2   0   3   5   3   0   5   7  0.36 0.26
  211 R     1   3  -1  -2  -3   0   0  -3   0  -1  -1   1  -1  -2   0   0   2  -4  -3   0   11  22   2   0   0   3   7   0   2   3   5   9   2   2   3   7  18   0   0   6  0.25 0.21
  212 K     0   1   0   0  -3  -1   0  -2   1   0  -1   1  -1   1  -2  -1   0  -3  -2   2    7   9   4   6   0   2   7   2   4   5   4   8   0   7   1   4   3   0   0  26  0.10 0.14
  213 S     1  -3   2  -1  -3  -2  -2  -1   1   0  -3   0   0  -3   0   3   0  -4  -1   2   13   0  10   2   0   0   1   3   4   4   0   4   3   0   4  27   6   0   2  16  0.27 0.24
  214 V     1  -2   0  -1   0   0  -1  -3  -3   0  -1  -2   2  -2  -1   1   0   3   0   2   10   2   4   3   2   4   3   0   0   4   5   0   7   0   3  16   5   5   3  24  0.18 0.19
  215 E    -1   1   1   3  -4  -1   3  -3  -3  -4  -4   0  -3  -2  -3   0   3  -5  -4  -1    5   7   6  21   0   0  25   0   0   0   0   5   0   2   0   4  21   0   0   4  0.51 0.31
  216 E    -2   0   3   0  -4   1   3  -1   0  -2  -1   1  -3   0  -1   0  -2  -4  -1  -2    0   4  21   4   0   6  26   5   2   2   6   7   0   5   2   6   0   0   2   3  0.32 0.23
  217 G     0  -2   0  -2  -3  -2   2   3  -3  -1  -3   0  -1  -1  -3   0   1  -4  -1  -1    7   0   3   0   0   0  20  27   0   3   0   6   2   3   0   8  12   0   2   6  0.32 0.23
  218 I    -2  -4  -2  -2  -3  -3  -2  -4  -4   3   3  -2  -1  -2  -4  -1   0  -4  -3   4    2   0   2   2   0   0   2   0   0  22  27   3   0   0   0   6   4   0   0  30  0.49 0.28
  219 S    -1  -2   0  -1  -3  -2   0   1   1   0   0   0  -2  -3  -3   3   2  -4  -1  -1    0   0   4   2   0   0   6  10   4   6   9   7   0   0   0  35  12   0   2   2  0.28 0.24
  220 T     0  -1   1  -2  -3  -2  -1  -3  -3   0   0   0  -2  -3   2   1   3  -4  -3   1    8   3   7   0   0   0   2   0   0   6   7   4   0   0  10  11  29   0   0  13  0.29 0.21
  221 D    -1  -2   2   4  -4  -1  -1   0   6  -2  -4   0  -3  -4  -1   0   0  -5  -2  -4    5   0  10  30   0   2   0   6  21   2   0   6   0   0   2   8   6   0   0   0  0.58 0.27
  222 R     0   4   0   0  -3   0   0   1  -2  -2  -3   0  -2  -4  -3   0   2  -4  -3   0    5  33   3   6   0   3   4  10   0   0   0   3   0   0   0   8  14   0   0  10  0.34 0.20
  223 A     2  -2   0  -2  -2  -1  -2  -2   0   2   1  -1  -1  -3  -3   2   2  -4  -3  -1   17   0   5   0   0   3   0   0   3  15  12   3   0   0   0  23  19   0   0   0  0.28 0.21
  224 R     0   6   1  -3  -5  -1   0  -4  -2  -4  -4   2  -3  -1  -4   0  -2  -5  -3  -2    8  60   7   0   0   0   4   0   0   0   0  10   0   3   0   6   0   0   0   3  0.92 0.36
  225 P    -2   0  -2  -2  -4   1   0   0  -3  -1   0   0  -2  -4   6  -2   1  -4  -3  -2    0   5   0   0   0   9   6   7   0   4  10   7   0   0  43   0   9   0   0   0  0.74 0.21
  226 R    -2   5  -2  -2  -4   0  -1  -3  -2  -4  -4   4  -3  -4   2   0   0  -4  -3  -4    0  43   0   0   0   0   0   0   0   0   0  35   0   0  11   6   5   0   0   0  0.84 0.26
  227 F    -1  -2  -2  -3  -3   1  -2   0   3   0   3  -2   0   1  -3  -2  -2  -2   3  -1    6   0   0   0   0  12   0   8  11   0  47   0   0   4   0   0   0   0  12   0  0.27 0.13
  228 D    -1  -1   2   4  -3   1   2  -2  -1  -4  -4   1  -3  -4  -2   2  -1  -4  -3  -3    0   0  11  33   0   7  17   0   0   0   0   7   0   0   0  25   0   0   0   0  0.54 0.14
  229 G    -1  -3   0   4  -3  -2  -1   5  -2  -4  -4  -2  -3  -4  -2   0   1  -4  -4  -3    0   0   0  32   0   0   0  51   0   0   0   0   0   0   0   7   9   0   0   0  0.71 0.13
  230 I    -1  -3  -2  -3  -2  -2  -3  -3  -3   4   1  -2   0   2  -3  -1   2  -2   0   2    0   0   0   0   0   0   0   0   0  56   0   0   0  15   0   0  29   0   0   0  0.28 0.05
  231 A     1  -1   0   0  -2   1   4  -1  -1  -2  -2   0  -2  -3  -1   2   2  -3  -2  -2   17   0   0   0   0   0  48   0   0   0   0   0   0   0   0  19  16   0   0   0  0.36 0.02
  232 T     0  -1   0  -1  -1  -1  -1  -2  -2  -1  -2  -1  -1  -2  -1   2   5  -3  -2   0    0   0   0   0   0   0   0   0   0   0   0   0   0   0   0  19  81   0   0   0  0.48 0.04
  233 A     2  -1   0  -1  -1  -1  -1   3  -1  -3  -3  -1  -2  -3  -1   3   1  -3  -2  -2   21   0   0   0   0   0   0  23   0   0   0   0   0   0   0  56   0   0   0   0  0.38 0.01
  234 V    -1  -3  -3  -4  -1  -2  -3  -4  -3   2   2  -3   1   0  -3  -2   0  -3  -1   3    0   0   0   0   0   0   0   0   0   0  36   0   0   0   0   0   0   0   0  64  0.32 0.00

                      K         Lambda
Standard Ungapped    0.1306     0.3141
Standard Gapped      0.0371     0.2670
PSI Ungapped         0.1212     0.3177
PSI Gapped           0.0371     0.2670
