
Last position-specific scoring matrix computed, weighted observed percentages rounded down, information per position, and relative weight of gapless real matches to pseudocounts
            A   R   N   D   C   Q   E   G   H   I   L   K   M   F   P   S   T   W   Y   V   A   R   N   D   C   Q   E   G   H   I   L   K   M   F   P   S   T   W   Y   V
    1 L    -4  -4  -5  -6  -4  -4  -5  -6  -4   1   5  -5   5   4  -5  -4  -3  -3  -2  -1    0   0   0   0   0   0   0   0   0   6  55   0  16  23   0   0   0   0   0   1  1.07 0.37
    2 L     0  -4  -5  -5  -1  -4  -4  -5  -4   2   4  -4   2   3  -4  -3  -2  -3  -2   3    8   0   0   0   1   0   0   0   0   9  40   0   4  15   0   1   1   0   0  20  0.60 0.26
    3 L     1   0  -1  -4  -1  -3  -3  -2  -3   1   3  -1   0   2  -4   0  -2   2  -2   1   12   6   3   0   1   0   0   3   0   7  35   3   0  10   0   6   0   4   0  11  0.24 0.17
    4 L     0  -4  -5  -5   2  -4  -5  -5  -5   1   4  -4   0   3  -3  -2  -2  -4  -2   2   10   0   0   0   4   0   0   0   0   4  49   0   1  11   1   3   1   0   1  15  0.66 0.31
    5 L     0  -3  -5  -5   2  -4  -5  -5  -2   0   5  -4  -1   1  -5  -3   0  -4  -3   1    8   1   0   0   4   0   0   0   1   3  62   0   0   5   0   1   7   0   0  10  0.81 0.37
    6 A     2  -4  -3  -4  -2  -3  -4  -3  -4   4   2  -3   0   1  -4  -1   0  -4  -3   2   16   0   1   0   0   1   0   1   0  28  18   1   1   7   0   5   6   0   0  15  0.44 0.25
    7 L    -4  -5  -6  -7   3  -5  -6  -7  -6   0   6  -6   1   0  -6  -4  -4  -5  -4   2    0   0   0   0   7   0   0   0   0   3  73   0   3   3   0   1   0   0   0  11  1.35 0.52
    8 K     1  -3  -1  -3   1   4  -1   2  -2  -3  -1  -2  -2  -1   1   1   0  -4  -4  -1   11   0   2   0   3  25   3  16   1   0   7   1   1   3   7   9   6   0   0   5  0.33 0.26
    9 T     1  -3  -2  -3  -1   0  -2   2  -4  -1   3  -2   0  -2  -2  -1   1  -4  -3   1   14   0   1   1   1   4   2  15   0   2  34   1   1   1   1   3  10   0   0   8  0.27 0.22
   10 L     2  -3  -1  -2  -1  -2  -2  -1  -4   2   0  -3  -2  -3  -1   4   0  -4  -1  -1   17   1   2   1   1   1   2   5   0  12  10   0   0   1   2  34   5   0   2   4  0.35 0.28
   11 W     0  -2  -3  -1   3  -3  -3   0   0  -2  -1  -3  -3   0  -1  -1  -2   5   5   2    8   2   0   4   7   1   1   7   2   0   7   1   0   2   2   4   2   8  27  16  0.50 0.31
   12 A     5  -4  -1  -3   0  -1  -3   0  -4  -3  -1  -3  -1  -5   0   1   0   0  -4  -1   51   0   2   1   2   2   1   7   0   1   5   0   1   0   4  12   6   2   0   4  0.63 0.37
   13 V     1  -2  -2  -3   7  -3  -2   0  -3   0   0  -3  -2   0  -1  -1  -1  -3   1   1   12   2   2   1  30   1   3   9   0   4   8   1   0   3   3   3   4   0   5   8  0.54 0.24
   14 G     2  -2  -1  -1  -3  -1  -2   4  -1  -2  -1  -2  -2  -1   2   0   0  -1  -3  -2   15   2   2   4   0   2   2  33   2   1   6   1   1   3  12   6   4   1   1   2  0.39 0.20
   15 N     1  -1   1   0  -3   4   0  -3   3  -3  -3   0  -3  -2   2   1   1   1  -2  -3   10   2   5   4   1  25   4   1   7   1   2   5   0   2   9  10   8   2   1   1  0.37 0.27
   16 R    -2   4   0   0  -1   2   1  -3  -2  -3  -2   3  -2  -3   0   0   0  -4  -4  -3    3  23   4   4   1  11   7   1   1   1   4  21   1   1   4   6   5   0   0   2  0.42 0.25
   17 F    -1  -2  -1   0  -1  -2  -2  -3  -3   1   1  -1   1   1   3   2   0  -4  -1   1    3   2   2   5   1   0   2   1   0  10  12   3   4   6  14  20   5   0   1   9  0.20 0.17
   18 E    -1   0   0   3  -3   3  -1  -1   0  -4  -4  -1  -2  -2  -2   3  -1  -5  -4  -2    3   5   4  19   0  16   3   4   2   1   1   4   1   1   2  29   3   0   0   3  0.49 0.32
   19 A     0  -3  -1   0  -2   0   3   3  -2  -2  -3  -1  -2  -2   1   2   1  -4  -4  -3    7   0   2   6   1   4  19  20   0   3   2   2   1   2   6  15   8   0   0   1  0.30 0.22
   20 Q    -5   7  -3  -5  -6  -2   0  -4  -1  -5   1   2  -4  -4  -5  -4  -4   0  -4  -5    0  61   1   0   0   1   7   1   1   0  14  10   0   0   0   0   1   2   0   0  1.44 0.59
   21 I    -2  -6  -6  -6  -5  -6  -6  -6  -6   7  -1  -6  -1  -4  -6  -5  -3  -6  -5   4    3   0   0   0   0   0   0   0   0  63   4   0   1   0   0   0   1   0   0  25  1.65 0.63
   22 I    -2  -6  -6  -6  -4  -6  -6  -6  -6   5  -1  -4  -1   1  -6  -4  -2  -2  -1   6    2   0   0   0   0   0   0   0   0  29   4   1   1   5   0   1   2   1   2  51  1.25 0.55
   23 G    -4  -3   2  -3  -7  -4  -3   7  -3  -8  -8  -4  -7  -2  -6  -3  -6  -2  -4  -7    0   2  10   2   0   1   2  78   1   0   0   1   0   2   0   1   0   1   1   0  1.91 0.76
   24 G    -3  -7  -5  -6  -7  -7  -7   8  -7  -8  -8  -6  -7  -8  -3  -2  -6  -7  -8  -5    1   0   0   0   0   0   0  93   0   0   0   0   0   0   2   2   0   0   0   1  2.56 0.94
   25 R    -1   1   0   2  -1   1   1  -2   2  -2  -2   1  -1   0  -3   1   1   2   2  -1    4   6   3  11   2   8   9   1   5   1   2   7   1   4   0  11  10   3   7   4  0.17 0.18
   26 E    -2  -1   1   3  -5   0   4  -4  -3  -3  -3  -1  -1  -2   1  -1   0  -5  -2  -1    3   2   6  18   0   3  34   1   0   1   3   3   2   2   7   2   6   0   2   5  0.55 0.37
   27 A     4  -5  -5  -2   8  -3  -5  -3  -6  -1  -5  -5  -4  -2  -3   0   3  -6  -5  -1   32   0   0   2  27   1   0   2   0   3   0   0   0   2   1   7  18   0   0   5  1.14 0.57
   28 V     0   1   3   1  -2   0   1  -2  -1  -2  -2   2  -1  -3   0   0   1  -4  -2  -1    6   6  15   8   1   4  11   2   1   1   4  12   1   1   5   7  10   0   1   6  0.21 0.18
   29 P    -1   0  -1  -2  -4  -2   0  -4  -1   4   0   1  -1  -3   4  -2  -2  -1  -2  -1    5   6   3   2   0   2   5   1   1  27   6  10   1   1  21   3   2   1   1   3  0.45 0.31
   30 H    -1  -2   4  -2  -5  -1   0   4   5  -4  -5  -2  -5  -5  -5  -1  -2  -2   1  -5    3   1  24   1   0   2   6  32  16   1   1   1   0   0   0   4   2   1   5   0  0.84 0.45
   31 S    -1   0   1   0  -2   1   4  -3   0  -4  -3  -1  -2  -5  -3   3  -1  -5  -2  -3    5   4   6   3   1   6  31   1   2   1   2   3   1   0   1  26   3   0   2   2  0.54 0.36
   32 R    -2   1  -4  -5   1   2  -4  -5   6  -3  -3  -3  -2   4  -4  -2  -2   8   2  -2    2   8   0   0   3   9   0   0  21   1   1   1   1  16   1   2   3  20   7   3  1.04 0.48
   33 P    -3   2  -3  -5  -1  -5  -5  -4  -1  -7  -7  -2  -6  -7   8  -3  -3  -7  -6  -6    1  13   2   0   1   0   0   1   1   0   0   2   0   0  75   1   1   0   0   0  2.23 0.79
   34 Y    -5  -6  -6  -7  -6  -5  -3  -6   2  -5  -5  -6  -1   4  -7   0  -3  11   5  -6    0   0   0   0   0   0   2   0   5   0   0   0   2  17   0   7   2  48  17   0  2.36 0.78
   35 M    -3  -3  -4  -4  -5   6  -2  -3   0   0   2  -3   5  -2  -3  -2  -2  -5  -4  -1    1   0   0   0   0  44   1   2   2   6  20   0  13   1   1   2   1   0   0   4  0.98 0.53
   36 V     4  -5  -5  -5   0  -5  -5  -3  -5   0  -1  -5  -3  -4  -5  -1   0  -6  -4   5   33   0   0   0   2   0   0   2   0   3   5   0   0   0   0   3   5   0   0  48  0.99 0.50
   37 S     3  -2  -2  -3  -3  -1  -2  -2  -1  -2  -1  -1  -1   2  -3   4  -1  -4   1  -1   26   2   1   0   0   2   1   2   2   1   7   3   2   9   1  33   2   0   4   3  0.42 0.31
   38 L    -4  -5  -6  -6  -4  -2  -5  -6  -5   3   5  -5   2   1  -5  -5  -2  -4  -1   1    0   0   0   0   0   2   0   0   0  15  61   0   4   5   0   0   2   0   2   9  1.07 0.46
   39 Q    -2   2  -1  -2  -4   3  -1  -2   2  -1   0   1  -1   1  -3  -2  -1  -2   4   0    1  11   3   1   0  18   3   2   4   3   8   8   1   7   0   2   4   0  15   8  0.27 0.21
   40 N    -2   1   3   0  -4  -1  -1  -1   0   0  -1  -1  -1   0  -1   0   0   2   4  -1    2  10  17   5   0   2   2   4   2   6   5   2   1   4   2   7   5   3  16   4  0.21 0.19
   41 T    -1   2   0  -1  -4  -1   0   0   1  -3  -4   0  -2  -1   1   4   0   1   0  -3    3  11   5   3   0   2   6   8   3   1   1   5   1   3   6  31   6   2   3   1  0.33 0.27
   42 K    -2   1   2   1  -5   0  -1   3   2  -3  -4   1  -2  -3  -1   1   0   5  -2  -3    2   7  10   7   0   5   2  22   4   1   1   7   1   1   3  11   7   7   1   1  0.35 0.25
   43 S    -1   2   1  -1  -4   0   0   3   0  -3  -3   1  -1  -1  -3   2   0  -2   1  -3    4  13   7   3   0   4   5  20   2   1   2   8   2   3   0  14   5   1   5   1  0.26 0.20
   44 H    -1  -3  -2  -3  -5   1  -1  -2   7  -2   1  -2   1   4  -2  -2  -3   0   2  -3    4   1   1   1   0   6   4   3  31   2  12   2   3  15   2   2   2   1   7   1  0.82 0.39
   45 M    -1  -1  -1  -2  -2   0  -1  -2   0   1   1  -1   1   3   0   0   2   0   0   0    3   3   2   2   0   5   2   2   3   9  11   2   5  15   5   7  15   1   2   6  0.09 0.09
   46 C     1  -3  -3  -3   9  -3  -3   0  -3  -2  -3  -3  -2  -3  -3   0   0  -3  -3  -2   10   0   0   1  64   0   1   6   0   0   1   1   0   0   0   6   7   0   0   1  1.33 0.29
   47 G     0  -1  -1  -1  -3  -1  -2   5  -3  -3  -3  -2   0   0  -3   0  -1  -3  -3  -2    6   3   0   3   0   3   0  62   0   0   0   0   3   6   0   6   3   0   0   3  0.69 0.20
   48 G     1  -1  -2  -3   1  -2  -3   5   1  -3  -2  -2   0  -3  -3   0  -2  -3  -3  -1   15   4   0   0   4   0   0  59   4   0   4   0   4   0   0   4   0   0   0   4  0.66 0.20
   49 V     1  -2  -1  -1   2  -2  -2  -2  -2   0  -2  -2  -1  -1  -2   2   4  -3  -2   1   16   0   0   3   6   0   0   0   0   7   0   0   0   3   0  21  35   0   0   9  0.31 0.15
   50 L    -2  -3  -4  -4  -2  -3  -3  -4  -3   2   4  -3   2   0  -3  -2  -2  -2   0   1    0   0   0   0   0   0   0   0   0  16  68   0   3   0   0   3   0   0   3   5  0.58 0.18
   51 V    -1  -2  -4  -4  -2  -3  -4  -4  -3   5   2  -3   0   0  -4  -3  -2  -3   0   2    2   2   0   0   0   0   0   0   0  60  19   0   0   2   0   0   0   0   4  10  0.58 0.19
   52 H     0   0   4   1  -3   0  -1   0   2  -2  -3   0  -2  -3  -2   2   1  -4  -1  -2    8   3  27   5   0   2   1   6   7   3   0   3   1   0   0  25   6   0   1   0  0.31 0.16
   53 Q    -1   0   0   2  -4   2   3  -1   0  -4  -3   1  -3  -4   3   1   0  -1  -3  -2    5   4   4  10   0   9  20   5   3   0   1   7   0   0  17   9   4   1   0   2  0.38 0.18
   54 K    -2   3   2   1   1   3   2  -3   1  -3  -3   1  -2  -1  -3   0  -1   2   1  -2    1  18  10   6   4  14  16   1   3   1   2   5   1   3   0   5   4   3   4   1  0.29 0.18
   55 W    -4  -5  -4  -7  -6  -5  -6  -3   2  -2  -4  -2  -4   2  -6  -4  -2  11   2  -3    1   0   1   0   0   0   0   2   6   3   1   3   0   8   0   1   3  65   6   2  2.63 0.68
   56 V     0  -2  -5  -5  -3  -2  -4  -5  -5   3   0  -4   0  -3  -4  -4  -2  -5  -3   6    6   2   0   0   0   2   0   0   0  16   7   0   1   0   0   0   0   0   0  66  0.99 0.38
   57 L    -2  -4  -5  -6  -3  -4  -5  -6  -5   1   5  -4   2  -2  -5  -4  -3  -4  -3   2    3   0   0   0   0   0   0   0   0   7  73   0   4   0   0   0   0   0   0  14  1.06 0.36
   58 T    -1  -3  -2  -3  -3  -3  -3  -1  -4  -2  -4  -3  -1  -4  -3   2   7  -5  -4  -2    3   0   0   0   0   0   0   5   0   1   0   0   1   0   0  15  74   0   0   1  1.21 0.44
   59 A     6  -4  -3  -4  -3  -3  -3  -2  -4  -2  -3  -3  -3  -4  -1   0   2  -5  -4  -1   78   0   0   0   0   0   0   1   0   2   0   0   0   0   2   3  12   0   0   2  1.06 0.40
   60 A     6   0  -1  -4  -3  -2  -2  -1  -4  -4  -4  -2  -3  -2  -3   0  -1  -5  -4  -2   83   5   2   0   0   1   1   3   0   0   0   1   0   1   0   2   1   0   0   1  1.08 0.41
   61 H    -4   0  -1  -2  -3  -1  -1  -5  10  -6  -6  -1  -4  -4  -5  -1  -3  -5  -1  -6    0   3   1   1   1   2   2   0  81   0   0   3   0   0   0   4   1   0   0   0  2.26 0.58
   62 C    -1  -5  -1  -5  11  -5  -5  -5  -5  -4  -4  -5  -4  -5   0  -2  -2  -5  -5  -2    5   0   4   0  80   0   0   0   0   0   0   0   0   0   5   1   2   0   0   2  2.43 0.56
   63 L    -1  -3  -2  -2  -2  -2  -2  -3  -1   2   2  -2   0   4  -3  -2  -1  -1   2   2    5   1   2   3   0   1   1   2   1   9  21   1   2  20   1   2   3   1   6  19  0.29 0.15
   64 S    -1   0   1   1  -1   1   0   1   1  -1  -1   0  -1  -2   1   0   0  -1   1  -1    3   5   8   8   1   6   6   9   4   3   5   7   1   1   8   9   4   1   7   4  0.10 0.06
   65 E    -1   0   1   2  -3   1   1   0   0  -2  -2   1  -2  -2  -1   2   0  -2  -1  -2    2   6   8  15   0   7   9   8   2   1   3   8   0   1   3  16   4   1   2   2  0.18 0.11
   66 P     0   1   2   2  -2   0   0  -1  -1   0  -2   1  -2  -2   1   1   0  -3  -2   0    5   7  14  14   1   3   3   4   1   6   3  11   0   1   6  10   3   0   1   7  0.14 0.10
   67 L     1   1   0  -1  -2   0  -1   0   0  -1   1   0   0  -1   2   0   0  -1  -1  -1   13  11   3   3   0   2   3   5   3   2  15   4   3   2  13   5   6   1   2   4  0.10 0.08
   68 Q     0   1   0   1  -3   2   1  -1   1  -2  -2   2  -1  -3   2   1   0  -3  -2  -2    5   9   4   7   0   8   6   3   3   2   2  17   2   1   9  15   4   0   1   2  0.23 0.14
   69 Q    -1   0   2   1  -3   0   1  -2   0   0  -2   0  -1   0   1   1   1   0   0  -1    3   4  12   7   0   4  10   2   3   6   3   7   1   4   6  13   7   1   4   4  0.12 0.14
   70 L    -2  -4  -3  -1  -1  -4  -4  -3  -1   3   1  -4   4   2  -2  -3  -1   6   4   0    3   0   2   4   1   0   0   2   2  14  15   0  10   7   2   2   3  12  14   7  0.59 0.37
   71 K    -1   2   0  -1  -4   2   0  -2   2  -2  -1   2   1  -2  -2   1   2   0   1  -2    4  14   4   2   0   9   5   2   4   2   4  12   3   2   1   9  12   1   6   3  0.20 0.21
   72 L    -1  -6  -6  -6  -5  -6  -6  -6   0   3  -1  -6   2  -1  -6  -5  -4   2   0   6    6   0   0   0   0   0   0   0   2  17   6   0   4   2   0   0   0   3   3  53  1.19 0.66
   73 V    -2   3  -2  -3  -4   0  -2  -3   0   0   0   0   0   0  -4  -1   0   4   3   2    1  16   1   1   0   4   1   2   2   6   7   6   2   4   0   4   7   5  11  17  0.28 0.28
   74 F     0  -3  -5  -5  -4  -4  -5  -1  -1   0   4  -5   1   2  -5  -3  -2   2  -1   2    8   2   0   0   0   0   0   4   1   3  45   0   2   7   0   2   2   3   2  15  0.66 0.40
   75 G    -3  -1  -3  -3  -6  -5  -5   7  -6  -6  -4  -5  -6  -6  -6  -2  -2  -1  -6  -6    2   4   1   1   0   0   0  79   0   0   2   0   0   0   0   3   3   1   0   0  1.91 0.89
   76 L     1   0  -2   0  -3   0   2  -2   0   0  -1   1   1  -1  -3   1   0  -2  -1   1   14   3   1   5   0   3  14   1   2   6   6   9   4   2   0  10   4   0   1  10  0.09 0.17
   77 H    -3  -2   2  -2  -5   0  -2  -1   7  -2  -1  -3  -2   0  -3   0   0   1   1  -1    2   2   9   2   0   4   1   5  31   2   8   1   1   4   1   8   7   2   4   4  0.63 0.46
   78 S    -2   0   5   2  -4  -1  -1  -3   0  -3  -3  -1  -2  -2  -4   2   0   0   1   0    2   4  25  14   0   3   2   1   2   1   2   3   1   1   0  16   5   1   6   6  0.42 0.37
   79 L    -2   1  -2  -3  -3   0  -1  -2  -1   2   3   1   0   0  -2  -2   0   2  -1   0    2   9   1   1   0   4   3   3   1  11  28   8   2   4   2   2   6   3   1   5  0.17 0.21
   80 H    -1   1   2   1  -4   0   0  -1   0  -1  -2   1  -1  -1  -3   2   1   0   1  -2    2   6   8   6   0   3   4   3   2   3   4  10   2   3   0  21   8   2   5   2  0.14 0.22
   81 D    -1   1   0   0  -3   1   0  -1   0  -1  -1   1  -1  -2   0   0   0  -3   0   2    2   7   5   4   0   7   7   4   2   2   6   8   1   1   5   9   6   0   4  17  0.06 0.14
   82 P    -1   1   0   0  -2   1   0  -1   1  -1   0   1  -1  -2   3   0   0  -1  -1  -2    5   7   4   5   1   6   6   4   5   3  10   8   1   2  13   6   7   1   3   2  0.12 0.12
   83 Q    -2  -2   3   2  -2   0   4  -1  -3  -5  -3  -1  -1  -1  -2   1   0  -3  -1  -4    4   2  15   9   1   3  31   5   0   0   2   2   2   3   2   9   5   0   2   1  0.49 0.35
   84 D     0   0   0   2  -3   0   2   1   0  -4  -4   1  -2  -3   2   1  -2  -1  -1  -4    7   4   5  11   1   4  16  10   2   1   1   7   1   1  12  12   2   1   2   1  0.29 0.23
   85 P    -2  -2   0   3  -2  -1  -1   1   2  -3  -3  -1  -2  -2   2   0   3   0   0  -3    3   2   4  18   1   3   4  13   5   1   2   3   1   2   9   8  17   1   4   1  0.32 0.26
   86 G     0   0  -3  -1  -2   2   4   2   1  -3  -2   1  -2  -3  -3   0  -1  -1  -1  -1    9   4   0   3   1   7  27  14   3   1   4   7   1   1   1   5   4   1   2   5  0.31 0.26
   87 L    -3  -1  -4  -4  -6   7   0  -5  -1  -1  -1  -1   1  -4  -3  -2  -1  -6  -5   1    2   3   1   1   0  52   5   1   1   4   6   3   3   1   1   3   4   0   0   8  1.17 0.66
   88 T    -2   2  -2  -1  -4  -1   0  -3   1   1   0   1   0   0  -3  -1   2   1  -1   2    1  11   2   3   0   3   7   1   4   8  10  10   2   4   1   2  14   2   2  13  0.16 0.18
   89 F    -3   4  -5  -6  -4  -3  -4  -6   2   3   1  -3   1   2  -6  -2  -3  -3   2   2    2  24   0   0   0   1   0   0   5  16  14   1   3  10   0   3   1   0   6  14  0.62 0.39
   90 Y    -1   1   1   0  -4   0   1   0   1  -3  -2   1  -2  -1   2   1   0  -1   1   0    4   7   7   6   0   4   9   7   3   0   4   9   1   2  11   9   5   1   5   7  0.14 0.14
   91 I    -1  -7  -7  -7  -6  -7  -5  -6  -7   3  -2  -6  -1  -6   3  -1  -2  -8  -3   6    5   0   0   0   0   0   1   1   0  16   3   0   1   0  13   4   3   0   1  53  1.32 0.68
   92 K     1   1   0   0  -5   0   2  -2   0  -2  -3   4  -3  -6  -4   2   0  -6  -4  -3   11   8   3   6   0   4  16   2   2   2   2  22   0   0   0  13   5   0   0   2  0.43 0.33
   93 Q    -1   4  -2   0  -7   2   3  -4  -1  -5  -5   4  -3  -4  -3   0   0  -3  -5  -5    5  20   2   5   0   7  16   1   1   0   1  28   1   1   1   6   5   0   0   1  0.72 0.46
   94 A    -1  -4  -5  -5  -3  -2  -4  -5  -4   5   0   1   1   1  -5   0  -1  -3   0   3    4   0   0   0   1   2   1   0   0  31   7   9   3   6   0   6   3   0   4  21  0.62 0.38
   95 I    -4  -3  -5  -6  -4  -4  -5  -7   0   6  -1  -2  -3   5  -7  -5  -2  -2   2   3    1   2   0   0   0   1   1   0   2  38   5   3   0  22   0   1   3   0   5  16  1.09 0.54
   96 K    -3   0  -2  -5   1   0  -3  -5  -2   3   1  -1   1   2   3  -2  -1   1  -1   2    1   6   2   0   3   4   1   0   1  18  11   4   3   8  13   3   3   2   2  16  0.36 0.27
   97 H    -4  -4   0  -6   5  -4  -3  -4  10  -6  -7  -7  -7  -2  -1  -4  -7  -8   1  -4    2   1   5   0  10   0   2   2  65   0   1   0   0   2   3   1   0   0   4   1  2.60 1.07
   98 P    -4  -2   0  -2  -8  -3   3  -5  -1  -8  -6  -1  -3  -8   7   1  -3  -3  -7  -7    1   2   4   2   0   1  16   1   2   0   1   5   1   0  55   9   1   0   0   0  1.60 0.81
   99 G    -2   1   4   2   0   0  -1   1   1  -5  -3   3  -2  -3  -3   0  -2  -6  -1  -3    2   6  21  12   2   4   3  12   3   0   3  16   1   1   1   7   1   0   2   2  0.43 0.31
  100 Y    -4  -3   0  -7  -7  -6  -6  -5  -1  -6  -5  -2  -6   4  -5  -3  -3   4   9  -5    2   1   4   0   0   0   0   1   2   0   1   3   0  17   1   3   2   5  57   1  2.07 0.90
  101 N    -4   1   5   3  -3   0  -1  -3  -1  -3  -4   1  -5  -2  -3   2  -1  -6  -2  -3    1   6  29  17   1   4   3   1   1   2   2   8   0   2   1  16   3   0   1   2  0.67 0.42
  102 L     1   0  -1   0  -4  -2  -1  -1  -1  -1  -2  -1   1  -3   3   1   2   2   0   0   10   5   3   6   0   1   4   3   2   3   2   3   5   1  13  11  15   3   4   7  0.21 0.21
  103 K    -1   0   2   0  -4   1   0   0  -1  -3  -2   2  -2  -1  -1   2   2  -4  -2  -1    5   5   9   5   0   6   5   6   1   1   3  11   1   2   3  17  14   0   1   4  0.20 0.20
  104 Y    -2   0  -2  -2  -2  -1  -2  -3   3   0   1  -1   2   1  -3  -1   2   5   3  -1    2   5   2   2   1   2   1   1  10   6  14   3   7   7   1   5  13   7   9   3  0.28 0.20
  105 E    -2   0   2   4  -5   1   1   1   2  -3  -2  -1  -1  -4  -3   0  -2  -2  -3  -2    2   4   8  29   0   7   9  12   6   1   5   2   2   1   1   7   1   1   1   3  0.44 0.27
  106 N    -1  -2   6   0  -5  -2  -1  -1   4  -5  -5   1  -3   0  -4   0   0  -4   3  -4    4   1  35   4   0   1   4   4  10   0   0   8   1   3   0   7   5   0  11   1  0.71 0.37
  107 D    -6  -6  -1   8  -8  -2  -3  -6  -6  -7  -3  -5  -7  -8  -6  -5  -6  -8  -7  -7    0   0   3  91   0   2   0   0   0   0   3   0   0   0   0   0   0   0   0   0  2.74 0.94
  108 L    -5  -7  -7  -7  -5  -6  -7  -3  -7   7   3  -4  -3  -2  -7  -6  -5   0  -1   1    0   0   0   0   0   0   0   3   0  62  21   1   0   2   0   0   0   1   2   7  1.54 0.60
  109 A     5  -3  -5  -5  -1  -3  -4  -1  -5  -3  -3  -3   6  -5  -5   0   1  -5  -5  -1   51   1   0   0   1   1   0   5   0   1   2   1  19   0   0   5   8   0   0   4  1.02 0.51
  110 L    -5  -6  -6  -7  -5  -5  -6  -7  -6   3   6  -6   2  -3  -6  -2  -4  -5  -5   0    0   0   0   0   0   0   0   0   0  12  72   0   4   0   0   4   0   0   0   5  1.47 0.58
  111 L    -3  -5  -6  -6   1  -5  -6  -6  -6   5   4  -5   3  -1  -6  -5  -4  -5  -4   2    2   0   0   0   3   0   0   0   0  29  43   0   6   2   0   0   0   0   0  14  1.09 0.45
  112 K    -4   5  -4  -3  -3   3   2  -5   1  -3  -4   5  -2  -4  -5  -1  -3  -2  -3  -4    0  28   0   1   1  12  11   0   3   2   1  32   1   1   0   3   1   1   1   1  0.98 0.48
  113 L    -4  -6  -7  -7  -5  -6  -6  -7  -6  -1   6  -6   1  -2  -6  -2  -2  -6  -5  -1    1   0   0   0   0   0   0   0   0   3  82   0   2   1   0   4   3   0   0   4  1.63 0.64
  114 D     1   0   2   1  -4   0   2  -3   0  -4  -3   2  -2  -5  -1   2   0  -2  -3  -3   15   4   9   9   0   4  14   1   2   0   2  15   1   0   3  15   4   1   1   1  0.34 0.24
  115 G    -2   3   0  -1  -3   2   1  -2   0  -4  -3   2  -2  -2   0   2   1  -1  -3  -3    2  17   4   3   1   9   8   3   2   1   2  11   1   2   5  18   9   1   1   1  0.32 0.24
  116 R    -1  -1  -1  -1  -3  -2  -1  -4   0  -4  -5   2  -2  -6   7   1   0  -7  -6  -4    4   4   4   3   1   2   3   1   2   1   1  12   1   0  48   9   5   0   0   1  1.14 0.51
  117 V     3  -6  -6  -6  -2  -5  -4  -5  -3   3   1  -5   0  -2  -4  -4  -3  -6  -5   5   22   0   0   0   1   0   1   0   1  13  12   0   2   2   1   0   1   0   0  44  0.98 0.49
  118 K    -2   1   2   0  -4   2   0  -3   0  -1  -3   1  -2  -4   0   1   2  -5  -4   0    2   9  12   4   0   8   6   1   2   4   2  10   1   0   5   8  17   0   0   6  0.27 0.22
  119 P    -3  -2   0  -2   0  -3  -2  -4  -1   1   2  -4   0   5   0  -3  -2  -1   3   0    1   2   4   2   2   1   3   1   1   7  24   1   2  26   4   1   2   1   9   6  0.49 0.29
  120 S    -3  -2   4  -1  -5  -2  -3   1  -4  -6  -6  -3  -5  -4  -2   5   3  -2  -3  -5    1   2  19   3   0   1   1  10   0   0   0   1   0   1   2  37  20   1   1   0  0.91 0.52
  121 K     0   0   1   3  -4   1   1  -2   1  -4  -3   1  -2  -3   2   1   1  -3  -2  -3    8   5   7  17   0   6   9   3   4   0   2   7   1   1  10  11   8   0   1   1  0.30 0.21
  122 N     1   0   2  -2  -4  -2  -2  -2   5  -3  -1   0  -2   1  -3   0   0  -2   3  -2   13   5  11   2   0   1   2   2  18   1   6   5   1   6   1   7   7   0  11   2  0.38 0.27
  123 V    -2  -6  -7  -6  -3  -4  -7  -5  -7   5  -3  -6  -2  -5  -7  -5  -4  -2  -6   6    3   0   0   0   0   1   0   1   0  33   2   0   1   0   0   1   1   1   0  55  1.72 0.76
  124 K     1   3  -1  -3  -3   5  -2   0   1  -3  -2   2  -1  -4  -5  -1  -2  -2  -3  -1   13  16   3   1   0  22   2   7   3   2   4  10   2   1   0   5   3   1   1   5  0.46 0.38
  125 P    -1  -3  -5  -7  -8  -7  -5  -5  -3  -4  -1  -3  -7  -8   8  -3   2  -8  -3  -1    6   2   1   0   0   0   1   1   1   1   7   2   0   0  62   2  10   0   1   4  1.77 0.96
  126 L     2  -7  -7  -7  -2  -6  -7  -2  -7   6   2  -6   0  -3  -6  -6  -5  -7  -6   4   14   0   0   0   1   0   0   3   0  39  16   0   2   1   0   0   0   0   0  22  1.20 0.61
  127 A    -2  -2  -2  -2  10  -2  -1  -4  -2  -6  -5  -2  -2  -7   0   0  -3  -7  -6  -3    4   3   2   3  54   2   5   2   1   0   1   3   1   0   5   8   2   0   0   2  1.96 0.88
  128 L    -4  -7  -7  -7  -6  -7  -7  -7  -7   0   6  -7   0  -1  -5  -7  -4  -1  -4  -1    1   0   0   0   0   0   0   0   0   5  80   0   2   2   1   0   1   1   1   5  1.86 0.87
  129 P     0  -6  -3  -4  -6  -3  -4  -5  -1  -4  -4  -4  -6  -5   8  -4  -4  -2  -4  -5    9   0   1   1   0   1   2   1   1   1   3   1   0   1  72   1   1   1   1   1  2.16 1.04
  130 R    -1   2  -1   2  -2   0   2  -1   0  -3  -3  -1  -3  -1   0   3   2  -1  -4  -3    4  10   3  10   1   4  12   4   2   2   2   2   1   3   5  23  12   1   0   2  0.32 0.30
  131 K     2   1   1  -1  -3   1   1  -1   0  -1  -1   1  -2  -1  -2   1   0   0  -2  -2   15   8   7   3   0   7   8   3   2   3   6  11   1   3   2  12   4   1   1   2  0.14 0.15
  132 P     0  -1   1   3   1  -2   0   1  -2  -4  -2  -1  -2  -3   4   1   0  -1  -1  -2    8   3   7  14   3   1   5  10   1   1   4   3   1   1  18   9   5   1   2   3  0.30 0.23
  133 R     1   1   0   0  -2   1   0  -2   0  -2  -2   0  -1   1  -2   2   1  -1   1  -2   10   8   5   5   1   6   6   3   2   2   4   5   1   7   2  14   9   1   6   2  0.12 0.13
  134 D     0  -1   1   2  -3   0   2  -1   1  -1  -2  -1  -1  -1  -2   1   2  -3   0  -1    9   3   8  12   0   5  13   4   4   3   5   3   1   2   2  10  12   0   4   3  0.17 0.16
  135 K    -1   0   1  -1   0   0   0  -3  -1   0   0   0   0   2   2  -1   0  -1  -1   0    4   4   9   3   3   4   7   1   1   7  11   5   2   9  12   4   4   1   2   8  0.12 0.12
  136 P    -2  -4  -2  -2  -5  -2  -3  -4  -2  -1   1  -3  -1   1   6  -2  -2  -5  -1   1    3   1   3   2   0   2   2   1   1   4  12   1   2   7  39   4   3   0   3  11  0.81 0.47
  137 A     1   0  -1  -2  -2   1   0  -1  -1  -2  -2   1  -1   0   2   1   1  -1  -1  -1   12   5   3   2   1   7   5   3   1   3   4   8   2   4  11  13   8   1   2   4  0.14 0.16
  138 E     1  -2   1   2  -4   0   1  -3  -2  -1  -1   0  -2  -3   3  -1  -1  -2  -4   2   12   2   6  11   0   4   8   1   1   3   6   5   1   1  17   4   4   1   0  14  0.29 0.25
  139 G    -1  -1   2  -1  -6   0  -3   5  -1  -3  -4  -3  -1  -1  -3  -3   0   1   0  -4    5   3   8   4   0   4   2  47   1   2   2   2   2   3   2   2   6   2   3   1  0.80 0.50
  140 S    -1   0  -2   1   1   1  -1  -1   0  -2  -2   0   0  -2  -3   2   4   0   0  -2    5   5   2   7   3   6   4   4   2   2   4   4   2   2   1  17  24   1   3   2  0.32 0.32
  141 R    -1   0   0  -1  -1   1   0  -3   0   0   0   0   2   1   0  -1   1   2   0   1    5   4   6   3   1   6   7   2   2   4   7   6   6   6   5   4  11   3   3   9  0.07 0.11
  142 C    -1  -7  -7  -7  10  -1  -7   1  -7  -2  -3  -7   0  -2  -2  -2  -2  -7  -1   1    6   0   0   0  48   3   0  12   0   3   3   0   3   2   2   3   3   0   3   8  1.79 0.87
  143 S    -3   1  -3  -2  -2   1  -1  -4   0   0  -1  -2  -1   2  -6  -2   2   7   4   0    2   7   1   2   1   6   4   1   2   6   6   2   1   8   0   3  12  15  11   7  0.55 0.39
  144 T     0  -5  -5   0  -5  -5  -1  -6  -6   4  -1   0  -2  -1  -3  -4  -1  -6  -5   5    9   0   0   6   0   0   4   0   0  19   4   5   1   2   1   1   3   0   0  43  0.85 0.42
  145 A     2  -5  -4  -5  -5  -4   0  -3   3  -2  -3  -4   3  -5  -5   4   3  -6  -2  -2   15   0   0   0   0   0   5   2   6   2   2   0   7   0   0  34  20   0   2   3  0.81 0.47
  146 G    -5  -6  -5  -6  -7  -6   1   7  -6  -7  -7  -1  -7  -7  -6  -5  -1  -7  -7  -7    0   0   0   0   0   0  11  77   0   0   0   4   0   0   0   0   4   0   0   0  2.04 0.80
  147 W    -8  -7  -1  -8  -8  -7  -8  -8  -7  -7  -2   0  -7   1  -8  -7  -2  12   1  -8    0   0   4   0   0   0   0   0   0   0   5   6   0   5   0   0   3  71   4   0  3.55 1.21
  148 G    -2  -6  -1  -5  -7  -6   0   7  -6  -7  -2  -3  -6  -7  -6  -2  -1  -7  -7  -7    3   0   3   0   0   0   8  71   0   0   5   1   0   0   0   3   4   0   0   0  1.68 0.70
  149 I    -1   2   0  -2  -2   0  -1  -3   2   1   1   1  -1  -1   1   0   0  -3   2  -1    3  12   4   2   1   3   2   1   5   7  15   9   1   1   6   8   7   0   8   3  0.13 0.13
  150 T    -1  -1  -3  -1  -5  -1  -2  -4   0   1   2  -2   0  -3  -3  -3   5  -5  -3   0    6   3   1   3   0   3   2   1   2   7  21   2   2   1   1   1  36   0   1   6  0.59 0.37
  151 H    -2   2   2  -1   2   3   0  -1   2  -3  -3   1  -2  -1  -1   2  -2  -2  -1  -3    2  10   9   4   4  13   6   4   4   1   3   7   1   4   3  19   2   1   2   1  0.29 0.23
  152 Q    -1  -2   1   3  -5   1   2  -2  -1  -3  -3   1  -2  -1   2   1   0   2   0  -2    6   1   8  16   0   5  11   2   1   1   2   9   1   3  11   9   5   3   3   4  0.27 0.21
  153 R     0   1   3   0  -1   2  -1   1   0   0  -3   1  -1  -2  -1   0   0  -4  -2  -2    7   7  14   4   1   9   3  12   2   8   1   7   2   2   3   6   7   0   1   3  0.16 0.14
  154 G    -1  -2  -2   0  -1  -2   1   4  -2  -3  -4   1  -1  -1  -3   0   0   3   0   0    4   2   1   6   1   1  10  29   1   1   1  10   2   3   1   8   5   3   3   9  0.35 0.24
  155 Q     0   1   1  -1  -5   1   0  -3  -1  -3  -4   1  -1  -1   3   0   2  -2   1  -2    6   9   6   4   0   7   7   2   1   1   1   7   2   2  16   6  15   1   5   3  0.30 0.26
  156 L    -2  -1  -2  -2  -4  -1  -2  -2   1   1   2  -1   0   1   0   0   0  -1   3   0    2   3   2   2   0   2   2   3   4   8  23   5   2   6   4   7   7   1  12   5  0.19 0.18
  157 A     1  -4   0  -4  -6  -2  -4  -4  -1  -5  -6  -1  -1  -2   6   3   0  -7  -6  -3   12   1   4   1   0   2   0   1   2   1   1   3   2   2  39  20   6   0   0   2  1.04 0.61
  158 K    -2   0   3   4  -6  -1   0  -2   1  -2  -3   0  -4  -2  -1   0   1  -6   0  -2    2   5  14  27   0   2   6   3   4   2   3   4   0   2   3   8   8   0   3   3  0.43 0.32
  159 S    -1   0  -1   0  -3   0   0  -2  -1   1  -1   0   0  -1  -2   0   2  -3  -3   3    4   5   3   5   0   3   6   3   2   8   4   5   3   2   2   7  13   0   0  23  0.16 0.18
  160 L    -4  -5  -8  -2  -7  -5  -3  -8  -8  -2   6  -4  -1  -4   3  -4  -6  -7  -7  -1    1   1   0   3   0   0   2   0   0   1  72   1   1   0  13   1   0   0   0   3  1.57 0.79
  161 Q    -6   3   0  -6  -8   6  -2  -7   5  -4  -3   3   2  -7  -2  -5  -4  -4  -2  -6    0  17   4   0   0  38   2   0  11   1   3  15   4   0   2   0   1   0   2   0  1.30 0.73
  162 E    -2  -1  -2  -2   7   3   4  -2  -1  -5  -4   1  -1  -1  -6  -2  -2   0   1  -1    3   3   1   2  21  11  24   3   2   0   2   9   1   3   0   3   2   1   4   4  0.75 0.47
  163 L     4  -3  -5  -5  -5  -5  -5  -1  -6   0   1  -2  -1  -5  -6  -2  -2  -6  -5   4   35   2   0   0   0   0   0   5   0   5  12   3   2   0   0   2   3   0   0  31  0.83 0.50
  164 D    -2   1   4   2  -6   1   2  -4   0  -4  -3   2   0  -2  -3   0  -1  -3  -1  -3    4   8  23   9   0   7  12   1   2   1   2  12   2   2   1   6   4   0   2   2  0.46 0.34
  165 L    -2  -7  -5  -8  -1  -3  -7  -8  -8   4   3  -7   0  -4  -7  -7  -5  -7  -6   5    3   0   1   0   2   1   0   0   0  23  30   0   2   0   0   0   0   0   0  38  1.34 0.65
  166 R    -4   1   3  -1  -7   1  -1  -6   0  -3  -5   0  -3  -3   5  -1   1  -2  -3  -2    1   7  14   3   0   5   5   0   2   1   1   7   1   1  33   5  10   1   1   3  0.79 0.52
  167 L    -2  -2  -7  -7  -5  -4  -6  -5  -3   5   3  -5  -1  -2  -5  -4  -2  -6  -1   4    4   3   0   0   0   1   0   1   1  29  30   0   1   2   1   1   3   0   2  23  0.95 0.52
  168 L    -1  -5  -4  -3  -5   1  -5  -6  -2   3   3  -2   2   0  -4  -4  -3  -1  -1   4    4   0   1   2   0   6   0   0   1  18  23   2   5   3   1   1   1   1   2  29  0.67 0.41
  169 D    -2   0   2   5   0  -2   1  -1   0  -6  -5  -2  -2  -6   1   3   0  -7  -6  -6    3   5  10  27   2   1   9   4   2   0   1   2   1   0   8  19   5   0   0   0  0.65 0.45
  170 T    -3   2   4   1   0   2  -1  -3   3  -3  -2  -1  -2  -2  -1  -1   0   1   3  -3    1  11  18   8   2   9   4   2   7   2   4   3   1   1   3   5   5   2  12   1  0.37 0.31
  171 R     1  -1   0   2  -5   2   4  -4   0  -5  -4   1  -3  -4  -1   1   1  -2  -2  -2   11   3   3   9   0   7  24   1   2   0   1  10   1   0   2  12   9   1   1   3  0.42 0.34
  172 M     0   0  -1   0  -4   0   2  -2  -2  -1  -1   1   1  -2  -4  -2   1   1  -3   2    7   4   2   5   0   4  15   3   1   2   6  10   3   1   0   2  11   2   1  18  0.20 0.22
  173 C    -7  -9  -3  -9  12  -4  -9  -8  -9  -7  -7  -9  -8  -4  -9  -7  -7  -8  -8  -4    0   0   1   0  93   1   0   0   0   0   0   0   0   1   0   0   0   0   0   1  4.45 1.61
  174 N    -1   3   3   0  -4   2   1  -2   0  -2  -2   2  -1  -4  -1   1  -2  -5  -4  -1    6  15  15   4   0   9   9   2   2   3   3  11   2   1   3   9   2   0   0   4  0.31 0.26
  175 N     1   1   1   0   0   2   1   0   2  -2  -1   1  -2  -2  -1   1  -1  -2  -2  -2   12   9   6   4   2  10   7   5   5   1   6  10   1   1   3  12   3   1   1   2  0.14 0.15
  176 S     3   0  -2  -1  -3   1  -1  -2   1  -1  -1   0  -1  -1  -1   2   0   0   0   0   24   6   1   3   0   6   2   2   3   2   6   5   2   3   3  14   6   1   4   6  0.17 0.19
  177 R    -2   1  -1  -1  -2   0   0  -2   3  -2  -2   1   0   1   0  -1   0  -1   5  -2    3   9   3   3   1   5   5   3   8   2   3   8   2   5   4   5   7   1  21   2  0.33 0.24
  178 F    -1  -1   0   0  -3   0   0  -1   2  -1  -1  -1   0   1   0   0  -1   3   4   1    5   3   4   6   0   5   5   5   6   3   7   3   2   6   4   7   2   5  15   9  0.15 0.14
  179 W    -2   0  -2  -1  -4  -2  -2   1   1  -3  -1   0   0   2   1  -1  -2   4   5  -2    4   6   2   4   0   2   3  10   4   1   7   6   2   8   7   4   3   6  21   2  0.37 0.26
  180 N    -2   1   3   1  -4  -1  -1   2   0  -2  -3   1  -1  -2   2   1  -1  -4   0  -3    2   7  13   7   0   2   4  15   2   2   2   8   2   2  12  12   3   0   3   2  0.27 0.22
  181 G    -1   0   1   0  -3   0   0   2   1  -2   0   0  -1  -2   1   1  -1  -1   0  -1    5   6   7   6   0   3   8  19   4   2   9   4   1   2   7   9   2   1   3   4  0.12 0.12
  182 V    -1   0   0  -2  -2   0  -1  -2  -1   1   0   1   0  -1   2  -1   1  -3   1   1    4   6   4   2   1   4   4   3   1  10   7   8   3   2  11   3  10   0   5  13  0.11 0.12
  183 L     0  -2  -4  -4  -4  -4  -4  -5  -5   5   1  -4   0   0  -4  -3  -3  -1  -1   4    8   3   1   1   0   1   1   1   0  30  12   1   1   4   1   2   1   1   2  28  0.71 0.40
  184 T    -3   0   0  -1  -4   0  -2  -2  -1  -2  -1   1  -2  -1   0   0   5  -1  -1  -3    2   5   4   3   0   3   3   3   2   2   5  10   1   3   5   7  39   1   3   1  0.53 0.40
  185 D    -2   0   2   3  -5   0   2  -2  -2  -3  -4   0  -3  -4   2   2   0  -5  -3  -4    3   5   8  17   0   4  15   2   1   1   2   7   0   1  12  15   5   0   1   1  0.42 0.32
  186 S    -2   4   4   1  -5   0  -2   0   0  -4  -4   0  -3  -2  -4   1   2  -5  -2  -2    2  19  18   7   0   3   2   8   2   1   1   6   1   2   0  12  12   0   1   4  0.44 0.33
  187 M    -2  -2  -1  -2  -2   0  -1  -2   0   0   0  -1   6   0  -2  -1   2  -2   0   0    1   1   3   1   0   5   4   3   3   4   7   3  36   3   1   4  14   0   3   4  0.36 0.20
  188 L    -2  -2  -3  -3  -2  -1  -1  -3  -2   3   2  -2   2   2  -3  -1  -1   2   0   1    1   1   1   1   0   3   4   1   0  23  23   1   7   8   1   4   4   3   3  11  0.22 0.11
  189 C    -2  -4  -4  -4  10  -4  -4  -4  -4  -2  -3  -4  -3  -4  -4  -3  -3  -4  -4   1    1   1   1   1  75   1   1   1   0   1   1   1   0   1   1   1   1   0   0  12  2.22 0.48
  190 L     6  -5  -5  -5  -4  -4  -4  -2   1  -1  -3  -4  -2  -3  -4  -1   1  -5  -5   2   59   0   0   0   0   0   0   2   4   3   2   0   1   1   0   3   8   0   0  14  1.06 0.55
  191 K    -1  -4  -4  -4  -5  -3  -3   7  -2  -4  -4  -1  -5  -3  -5   0  -2  -5  -2  -5    4   1   0   0   0   1   2  70   1   1   2   4   0   1   0   7   2   0   1   0  1.47 0.62
  192 A     0  -2   0   2  -3  -2   1  -1   1   1  -1  -2  -1   1  -2   0   0   0   2   0    8   1   4  13   0   1   8   5   4  10   3   1   2   6   1   6   7   1   9   8  0.12 0.13
  193 G    -1  -1  -1  -2  -3  -1   0   1  -2  -1   1  -1   1  -1   3   0   1   0  -2   0    3   3   2   2   0   3   5  12   1   2  19   2   4   3  15   6   8   1   1   7  0.18 0.16
  194 A     0   1   1   2  -2   3   3  -1   0  -3  -3   1  -2  -3  -1   0   0  -4  -3  -2    6   6   5  13   1  12  17   4   2   1   2  10   1   1   3   8   5   0   0   3  0.28 0.20
  195 K    -1   1   1  -1  -2  -1   0   4  -2  -2  -1   1  -2  -3  -2  -1  -2   2  -1  -2    3   8   6   3   1   2   6  36   1   2   6   9   1   1   2   3   2   2   3   3  0.36 0.23
  196 G    -1   2  -2  -1  -4   0  -1   5  -2  -2  -3   0   0  -2   0  -1  -2  -4  -2  -1    3  13   1   3   0   4   3  41   1   3   2   6   3   1   4   4   3   0   1   4  0.52 0.31
  197 Q    -1   2  -1  -1  -3   1   0  -1  -1   0  -3   4  -2  -3  -3   0   0  -2  -2   0    5  13   2   3   1   7   6   4   1   7   1  27   0   1   1   8   5   0   1   6  0.31 0.24
  198 A    -1  -2   0   7  -3  -3  -2   1  -5  -6  -2  -4  -5  -3  -5   1  -2  -6  -4  -4    5   2   4  54   1   1   1  12   0   0   4   0   0   1   0  11   2   0   1   1  1.16 0.57
  199 P     3  -3  -3  -4  -4  -2  -4  -2  -4   1  -3  -3  -3   1   1   3   3  -5  -4   0   25   1   1   0   0   1   0   2   0   7   1   1   0   5   7  23  19   0   0   5  0.53 0.38
  200 C    -4  -7  -7  -7  11  -7  -7  -4   2  -6  -6  -7  -6   1  -7  -3  -6  -6   0  -6    2   0   0   0  80   0   0   2   4   0   0   0   0   6   0   2   0   0   3   0  3.42 1.14
  201 K    -3   0   1  -2  -5   5   0  -3   0  -4  -1   3   1   0  -1  -1  -2  -2   1  -3    1   4   7   1   0  29   6   2   2   0   6  16   4   4   3   4   1   0   4   2  0.50 0.36
  202 G    -2  -3  -3  -2  -3  -3   0   7  -2  -6  -6  -4  -3  -2  -5  -2  -4  -5  -3  -4    3   1   1   2   1   1   7  72   1   0   1   0   1   2   0   3   0   0   1   1  1.48 0.56
  203 D    -4  -5  -1   8  -6  -4   0  -5  -5  -2  -4  -4  -5  -6  -5  -4  -3  -6  -6  -1    1   0   2  79   0   0   5   1   0   2   2   0   0   0   0   0   1   0   0   4  2.03 0.72
  204 S    -1  -1  -2  -4  -4  -4  -4  -3  -4  -5  -5  -4  -5  -5  -1   7   1  -6  -1  -3    3   3   2   0   0   0   0   2   0   0   1   0   0   0   3  74   7   0   2   2  1.48 0.67
  205 G    -1  -6  -4  -5  -6  -5  -5   7  -5  -6  -6  -5  -6  -6  -5  -4  -5  -6  -6  -6    4   0   0   0   0   0   0  91   0   0   1   0   0   0   0   0   0   0   0   0  2.36 0.78
  206 G    -1  -5  -2  -4  -5  -5  -2   7  -5  -6  -6  -4  -5  -6  -5   1  -2  -6  -6  -6    5   0   1   0   0   0   3  74   0   0   1   0   0   0   0  10   3   0   0   0  1.68 0.62
  207 P    -1  -4  -5  -5  -6  -5  -3  -3  -5  -3  -6  -5  -5  -6   8  -2  -4  -6  -6  -2    6   1   0   0   0   0   2   2   0   2   1   0   0   0  78   3   1   0   0   3  2.28 0.78
  208 L    -1  -5  -6  -6  -4  -5  -5  -6   0  -1   5  -5   3   1  -5  -5  -4  -4  -1   1    6   0   0   0   0   0   0   0   3   1  67   0   6   6   0   0   0   0   1   8  1.15 0.49
  209 V     1  -5  -2  -5  -4  -4  -5  -5  -2   4   0  -5   2   0  -5  -3  -2  -5  -1   5   10   0   3   0   0   0   0   0   1  19   6   0   5   3   0   1   1   0   2  47  0.86 0.41
  210 C    -3  -5  -5  -3  10  -4  -5  -4  -3   0  -2  -5  -3  -4  -3  -3   1  -2  -3   0    2   1   0   1  62   1   1   1   1   6   4   0   1   1   1   2   8   1   1   7  2.06 0.69
  211 G     0  -1   0   0   0   1   1   3   2  -3  -2   0  -1  -2  -1   1  -1   0  -1  -2    8   3   5   5   2   8   7  25   5   1   3   5   1   2   3   9   2   2   2   2  0.20 0.11
  212 K    -2   2   4   3  -4   0  -1  -2  -1  -3  -3   2  -2  -4  -3   0   2  -5  -2  -3    3  11  23  18   0   3   3   2   1   1   2  11   1   1   0   5  12   0   1   2  0.48 0.28
  213 G    -3  -3   1  -4  -5  -4  -4   4  -1  -5  -4  -4  -2  -1  -3  -3  -3   9   2  -3    2   1   7   1   0   1   1  34   2   0   1   1   1   3   2   2   1  33   5   2  1.50 0.57
  214 K    -2   0  -3  -3  -4   2  -1  -4   0   2  -1   0   0   2  -2  -2   0  -1   3   2    1   4   0   0   0  13   4   0   2  11   5   7   2   9   1   1   5   1  12  20  0.30 0.23
  215 V     1  -4  -5  -5  -4   1  -4  -5  -5   1   4  -4  -1   2  -4  -4  -3  -3  -3   2   13   0   0   0   0   9   1   0   0   5  48   0   0   8   0   0   1   0   1  14  0.73 0.39
  216 D     1   0  -3  -3  -3   5  -1  -3   3   0  -2  -2   1  -3  -4  -3   1  -1   0   3   12   4   0   1   0  26   2   2   8   6   2   1   3   1   0   0   8   1   4  19  0.46 0.33
  217 G    -3  -4  -5  -5  -6  -6  -6   8  -6  -7  -7  -5  -6  -7  -6  -4  -6  -6  -7  -7    2   1   0   0   0   0   0  95   0   0   0   0   0   0   0   0   0   0   0   0  2.55 0.85
  218 I    -4  -6  -6  -5  -4  -6  -6  -6  -6   6   1  -6   0  -4  -6  -5  -2  -6  -5   4    1   0   0   1   0   0   0   0   0  53  12   0   1   0   0   0   2   0   0  28  1.42 0.55
  219 L     0  -5  -4  -4  -2  -5  -5  -4  -5   2   1  -5   0  -2  -5  -4   2  -5  -4   6    7   0   0   1   1   0   0   1   0   8  12   0   1   2   0   0  13   0   0  53  0.95 0.45
  220 S    -1  -4  -1  -4  -4  -1  -4  -4  -3  -5  -5  -4  -4  -3  -4   7  -1  -5  -2  -5    4   0   3   0   0   2   1   1   1   0   1   1   0   1   0  80   2   0   1   1  1.64 0.69
  221 F    -5  -4  -6  -7  -6  -4  -6  -3  -1  -3  -5  -6  -2   5  -7  -4  -5  11   3  -4    1   1   0   0   0   1   0   2   1   1   1   1   1  18   0   2   1  56  10   1  2.82 0.98
  222 S    -1  -5  -3  -5  -6  -5  -5   7  -6  -4  -4  -5  -6  -3  -3   0  -4  -6  -6  -2    5   1   1   0   0   0   1  74   0   1   3   1   0   1   2   7   1   0   0   4  1.68 0.70
  223 S    -1   0  -1   0  -1  -1  -1   2   2  -1  -2  -1  -1  -1   0   2   0   1   2  -2    5   5   3   6   2   3   3  17   6   4   3   3   2   2   4  17   5   2   6   3  0.16 0.15
  224 K     0   1   0   2  -3   0   1  -1   1  -1   0   1  -1   0  -1   0   0   0   0  -1    7  10   5  11   0   3   8   4   4   3   9   8   2   4   3   5   4   1   4   5  0.07 0.08
  225 N    -1   0   0   0   4  -3  -2   3  -4  -2  -2   0   0  -2   3  -1  -1   0  -1  -1    4   5   5   6   8   0   2  20   0   2   4   6   2   2  16   5   3   2   2   5  0.30 0.22
  226 C    -5  -7  -1  -6  11  -6  -2   0  -6  -6  -2  -6  -6   0  -6  -2  -2  -6  -6  -6    1   0   3   0  65   0   4   8   0   0   4   0   0   4   0   4   3   0   0   0  2.66 1.02
  227 T     4  -2   1  -2   4  -2   0   4  -5  -6  -6  -3  -5  -6  -3   0  -1  -6  -6  -2   28   2   6   2   7   2   5  27   0   0   1   2   0   0   2   8   4   0   0   3  0.71 0.43
  228 D    -2   2   0   1  -2   3   0  -2   0  -2   0   1   0  -2   1  -1   0  -1   1  -2    2  13   3   9   1  12   6   3   2   2   9  10   2   1   8   3   6   1   4   3  0.20 0.18
  229 I     1   1  -2  -2  -5  -2  -2   0  -1   1  -3   1  -4  -3   5   0   0  -6  -2   0   10   6   1   2   0   1   2   6   1   7   3   8   0   1  28   8   5   0   1   8  0.48 0.35
  230 F    -1   1   3   1  -4   0   0   2   2  -2   0   1  -1  -2  -2  -1  -1  -1  -1  -2    4   9  14   8   0   4   5  15   6   2  10   8   1   1   2   3   3   1   2   2  0.20 0.18
  231 K    -1   1  -1  -1  -4  -1   0  -1   0  -3  -1   4  -1   0   0   0   0   1   3  -2    6   6   3   3   0   3   6   4   2   1   5  24   2   3   5   7   6   2  10   3  0.23 0.22
  232 P    -6  -7  -3  -6  -7  -6  -6  -4  -6  -4  -4  -6  -1  -1   8  -3  -6  -7   3  -2    0   0   2   0   0   0   0   2   0   1   2   0   2   3  71   2   0   0  10   4  2.23 0.98
  233 T     1  -2  -2   0  -6  -3  -3   5  -5  -4  -5  -5  -5  -1  -2   1   0  -6  -6  -2   13   2   2   5   0   1   2  48   0   1   1   0   0   3   2  10   7   0   0   3  0.89 0.50
  234 V    -2  -6  -7  -7  -5  -6  -6  -2  -2   4   0  -6  -1   0  -3  -4  -5  -6  -5   6    4   0   0   0   0   0   0   4   1  18   7   0   1   4   2   1   0   0   0  56  1.34 0.63
  235 A    -4  -7  -3  -7  -1  -7  -7  -7  -4  -6  -4  -7  -6   6  -7  -4  -6  -4   9  -6    2   0   2   0   2   0   0   0   0   0   2   0   0  27   0   1   0   0  62   0  2.60 1.01
  236 T     1  -6  -5  -6  -3  -5  -6  -4  -6  -1  -4  -5  -1  -6  -3   0   7  -7  -6  -1   12   0   0   0   1   0   0   1   0   3   2   0   1   0   1   6  67   0   0   5  1.65 0.79
  237 A    -2   6   2   0  -6   0  -3  -4  -1  -6  -4   5  -5  -5  -2  -2  -4  -3  -2  -5    3  35   8   5   0   3   1   1   1   0   2  32   0   1   2   3   1   1   1   1  1.10 0.56
  238 V    -4  -7  -7  -4  -5  -6  -6  -5  -7   2   0  -6  -1  -5  -2  -6  -1  -7  -6   7    1   0   0   1   0   0   0   1   0  11   7   0   1   0   2   0   3   0   0  71  1.72 0.73
  239 A     1  -3  -3  -3   3  -1  -3  -2  -2  -1  -2  -2   0   3  -2   4   2  -1   0  -2   13   1   1   1   5   2   1   2   1   3   3   2   2  13   2  30  10   1   3   3  0.45 0.34
  240 P     0   1   1   2  -4  -1   0  -3   3  -3  -3   2  -2  -2   0   2  -1  -2   2  -2    9   8   6  14   0   1   4   1   7   1   3  12   1   2   5  14   3   0   8   3  0.26 0.23
  241 Y    -7  -7  -3  -5  -7  -6  -7  -8   4  -3  -1  -7  -3   6  -8  -5  -6  -4   8  -1    0   0   2   1   0   0   0   0   9   1   6   0   1  27   0   1   0   0  48   4  2.05 0.84
  242 S    -2   2  -1  -2  -4  -1  -3  -5  -1   1   2   0   1  -2  -3   0   2  -5  -2   2    3  10   4   2   0   3   1   0   1   8  25   6   3   1   1   6  12   0   1  15  0.28 0.24
  243 S    -2  -3   2   5  -6  -2   1  -2   0  -5  -4   1  -2  -5   3   2  -2  -7  -6  -5    3   1   8  31   0   1   7   3   2   1   2   9   1   0  13  16   2   0   0   0  0.71 0.44
  244 W    -6 -10 -11  -5  -9  -9 -10  -9  -9  -9  -9 -10  -8  -1 -11 -10  -9  13  -2 -10    1   0   0   1   0   0   0   0   0   0   0   0   0   2   0   0   0  95   1   0  5.19 1.68
  245 I    -6  -8  -8  -8  -6  -8  -8  -9  -8   8   0  -8   0  -2  -8  -5  -6  -8  -6   1    0   0   0   0   0   0   0   0   0  83   6   0   2   2   0   1   0   0   0   7  2.40 0.88
  246 R    -1   2   1   0  -4   5   2  -5   2  -4  -4   3  -2  -5  -5  -2  -1   0  -2  -3    5   8   7   4   0  25  12   0   5   1   2  19   1   0   0   2   3   1   1   2  0.63 0.39
  247 K    -2   2   1   1  -6   2   2  -1  -2  -6  -5   3  -3  -6  -4   3  -1  -6  -2  -5    2   9   5   9   0   9  14   4   1   0   0  19   1   0   0  22   3   0   2   0  0.57 0.37
  248 V    -3  -3   1  -4  -3   0  -2  -4   3   4  -3   0  -2  -3  -5  -2   4  -5   0   2    1   1   8   0   0   5   2   1   7  22   1   7   0   0   0   2  24   0   3  16  0.60 0.38
  249 I    -4  -6  -6  -7  -5  -6  -6  -7  -6   6   0  -3   7  -2  -6  -5   2  -6  -5   1    1   0   0   0   0   0   0   0   0  40   9   2  29   1   0   0  10   0   0   8  1.49 0.63
  250 G     4   3   0  -2  -4   0  -1   2  -1  -4  -4   1  -1  -2  -1  -1  -2  -5  -2  -4   34  15   4   2   0   4   4  15   1   1   0   8   2   2   2   4   1   0   1   0  0.47 0.31
  251 R    -3   4   4  -1  -6   2   3  -2   1  -6  -6   3  -4  -6  -3  -1  -1  -6  -5  -5    1  22  20   2   0   7  21   3   3   0   0  16   0   0   1   3   2   0   0   0  0.78 0.40
  252 W     1  -3   5  -2  -4  -3  -2  -3   4  -3  -1  -1  -4   0  -1   2  -2  -2   2  -3   14   0  35   1   0   0   1   0   9   1   6   4   0   4   3  13   1   1   7   1  0.64 0.37
  253 S     1  -3  -1  -2  -4   1   1   1  -1  -4  -3   0  -3  -5   3   3   0  -5  -4  -3   10   0   1   0   0   7   9  12   2   0   2   5   0   0  18  27   6   0   0   1  0.47 0.27
  254 P    -2  -2  -2  -1  -5  -3  -1   0  -4  -5  -5  -2  -4  -1   7   0   2  -5  -4  -4    1   2   2   3   0   0   3   7   0   0   0   2   0   3  60   5  13   0   0   0  1.37 0.38
  255 Q     0   3   1   0  -3   3   0   1   0  -3  -2   0  -2  -3  -2   2   1  -3  -3  -3    5  19   5   4   0  19   4  11   2   0   2   2   0   0   0  17   7   0   0   0  0.32 0.15
  256 P    -1  -4  -4  -4  -4  -3  -3  -2  -4  -4  -3  -3  -4  -5   8  -1   1  -6  -5  -4    4   0   0   0   0   0   0   3   0   0   3   0   0   0  76   2  11   0   0   0  1.92 0.39
  257 L    -2  -3  -3  -2  -3  -1   2  -4  -3   2   4  -2   2  -1  -3  -3  -2  -3  -2   1    0   0   0   0   0   0  25   0   0   9  49   0   4   0   0   0   0   0   0  13  0.43 0.15
  258 T     2  -2  -1  -1  -2  -1  -1  -1  -2  -2  -3  -1  -2  -3  -2   4   3  -3  -2  -2   16   0   0   0   0   0   0   0   0   0   0   0   0   0   0  52  32   0   0   0  0.55 0.13

                      K         Lambda
Standard Ungapped    0.1366     0.3199
Standard Gapped      0.0542     0.2670
PSI Ungapped         0.1772     0.3175
PSI Gapped           0.0542     0.2670
