
Last position-specific scoring matrix computed, weighted observed percentages rounded down, information per position, and relative weight of gapless real matches to pseudocounts
            A   R   N   D   C   Q   E   G   H   I   L   K   M   F   P   S   T   W   Y   V   A   R   N   D   C   Q   E   G   H   I   L   K   M   F   P   S   T   W   Y   V
    1 M    -1  -1  -2  -3  -2  -1  -2  -3  -2   1   2  -1   6   0  -3  -2  -1  -2  -1   1    0   0   0   0   0   0   0   0   0   0   0   0 100   0   0   0   0   0   0   0  0.39 0.01
    2 A     4  -1  -2  -2   0  -1  -1   0  -2  -1  -2  -1  -1  -2  -1   1   0  -3  -2   0  100   0   0   0   0   0   0   0   0   0   0   0   0   0   0   0   0   0   0   0  0.42 0.01
    3 D    -2  -2   1   6  -4   0   2  -1  -1  -3  -4  -1  -3  -4  -2   0  -1  -4  -3  -3    0   0   0 100   0   0   0   0   0   0   0   0   0   0   0   0   0   0   0   0  0.95 0.01
    4 G     0  -2   0  -1  -3  -2  -2   6  -2  -4  -4  -2  -3  -3  -2   0  -2  -3  -3  -3    0   0   0   0   0   0   0 100   0   0   0   0   0   0   0   0   0   0   0   0  1.06 0.01
    5 Y    -2  -2  -2  -3  -2  -2  -2  -3   1  -1  -1  -2  -1   5  -3  -2  -2   2   6  -1    0   0   0   0   0   0   0   0   0   0   0   0   0  34   0   0   0   0  66   0  0.74 0.01
    6 W    -3  -3  -4  -4  -2  -2  -3  -3  -2  -3  -2  -3  -2   1  -4  -3  -3  11   2  -3    0   0   0   0   0   0   0   0   0   0   0   0   0   0   0   0   0 100   0   0  2.38 0.02
    7 N    -2  -1   6   1  -3   0   0   0   1  -3  -4   0  -2  -3  -2   1   0  -4  -2  -3    0   0 100   0   0   0   0   0   0   0   0   0   0   0   0   0   0   0   0   0  0.75 0.01
    8 Q    -1   5   0  -1  -3   3   1  -2   0  -3  -2   2  -1  -3  -2  -1  -1  -3  -2  -2    0  66   0   0   0  34   0   0   0   0   0   0   0   0   0   0   0   0   0   0  0.61 0.01
    9 Q    -1   1   0   0  -3   6   2  -2   0  -3  -2   1   0  -3  -1   0  -1  -2  -2  -2    0   0   0   0   0 100   0   0   0   0   0   0   0   0   0   0   0   0   0   0  0.68 0.01
   10 R    -1   3   0  -1  -2   3   1  -1   0  -2  -1   1  -1  -2  -1   0  -1  -1  -1  -2    3  36   1   2   1  35   2   2   1   2   3   2   1   1   2   2   2   0   1   2  0.30 0.00
   11 Q    -1   1   0   0  -3   6   2  -2   0  -3  -2   1   0  -3  -1   0  -1  -2  -2  -2    0   0   0   0   0 100   0   0   0   0   0   0   0   0   0   0   0   0   0   0  0.68 0.01
   12 Q     0   0   0  -1  -2   3   1  -1   5  -3  -3   0  -1  -2  -1   2   0  -2   0  -2    0   0   0   0   0  34   0   0  34   0   0   0   0   0   0  32   0   0   0   0  0.40 0.00
   13 H    -2  -1  -1  -3  -2  -1  -2  -3   5   1   3  -2   1   0  -3  -2  -1  -2   0   0    0   0   0   0   0   0   0   0  34   0  66   0   0   0   0   0   0   0   0   0  0.31 0.00
   14 H    -1  -1  -1  -2  -2  -1  -1  -3   5  -1   1  -1   0  -1   5  -1  -1  -3   0  -1    0   0   0   0   0   0   0   0  34   0  32   0   0   0  34   0   0   0   0   0  0.54 0.00
   15 P    -1  -2  -2  -2  -3  -1  -1  -2  -2  -3  -3  -1  -3  -4   8  -1  -1  -4  -3  -2    0   0   0   0   0   0   0   0   0   0   0   0   0   0 100   0   0   0   0   0  2.06 0.01
   16 P    -1  -1  -1  -1  -3  -1  -1  -2   5  -3  -3  -1  -2  -3   6  -1  -1  -3  -1  -3    0   0   0   0   0   0   0   0  32   0   0   0   0   0  68   0   0   0   0   0  1.31 0.01
   17 G     0  -2   0  -1  -2  -1  -1   5  -2  -3  -3  -1  -2  -3  -2   2   0  -3  -3  -3    0   0   0   0   0   0   0  68   0   0   0   0   0   0   0  32   0   0   0   0  0.67 0.00
   18 G     0  -2   0  -1  -3  -2  -2   6  -2  -4  -4  -2  -3  -3  -2   0  -2  -3  -3  -3    0   0   0   0   0   0   0 100   0   0   0   0   0   0   0   0   0   0   0   0  1.06 0.01
   19 P    -1  -2  -3  -3  -2  -1  -2  -3  -2   0   2  -2   3  -1   5  -2  -1  -2  -2   0    0   0   0   0   0   0   0   0   0   0  32   0  34   0  34   0   0   0   0   0  0.52 0.00
   20 M    -1  -1  -1  -2  -2  -1  -2  -3   5   0   2  -1   3   0  -3  -2  -1  -2   0   0    0   0   0   0   0   0   0   0  32   0  34   0  34   0   0   0   0   0   0   0  0.27 0.00
   21 K    -1   2   0  -1  -3   1   1  -2  -1  -3  -3   5  -1  -3  -1   0  -1  -3  -2  -2    0   0   0   0   0   0   0   0   0   0   0 100   0   0   0   0   0   0   0   0  0.57 0.02
   22 R    -1   5   0   0  -4   1   3  -2   0  -3  -3   2  -2  -3  -2  -1  -1  -3  -2  -3    0  65   0   0   0   0  35   0   0   0   0   0   0   0   0   0   0   0   0   0  0.60 0.02
   23 P    -1  -2  -2  -2  -2  -1  -2  -2  -2  -1  -1  -1   3  -2   7  -1  -1  -3  -2  -1    0   0   0   0   0   0   0   0   0   0   0   0  31   0  69   0   0   0   0   0  1.23 0.03
   24 R    -1   5  -1  -2  -3   1   0  -2  -1  -3  -2   2  -1  -3  -2   0   1  -3  -2  -2    0  82   0   0   0   0   0   0   0   0   0   0   0   0   0   0  18   0   0   0  0.63 0.03
   25 S    -1  -2  -1   2  -2  -1  -1  -2  -2   2  -1  -1  -1  -2   3   1   1  -3  -2   0    0   0   0  18   0   0   0   0   0  31   0   0   0   0  16  16  18   0   0   0  0.22 0.01
   26 D    -1   0   0   3  -3   3   2  -2  -1  -3  -3   0  -2  -4   3   0  -1  -3  -2  -3    0   0   0  33   0  31  18   0   0   0   0   0   0   0  18   0   0   0   0   0  0.58 0.02
   27 F    -2  -1  -2  -3  -3   2  -1  -3   1  -1  -1  -1  -1   3  -3  -2  -2   1   6  -1    0   0   0   0   0  18   0   0   0   0   0   0   0  16   0   0   0   0  66   0  0.64 0.03
   28 E     2  -1   0   3  -2   1   4  -1  -1  -3  -3   0  -2  -3  -1   0  -1  -3  -2  -2   31   0   0  18   0   0  50   0   0   0   0   0   0   0   0   0   0   0   0   0  0.43 0.02
   29 A     1   0  -1  -1  -2   0  -1   2  -1  -1  -1   2   2  -2  -1   0   1  -3  -2  -1   16   0   0   0   0   0   0  18   0   0   0  31  16   0   0   0  18   0   0   0  0.16 0.01
   30 P     1  -2  -1  -1  -1  -1  -1  -1  -2  -1  -2  -1  -1  -3   5   1   3  -3  -2  -1   18   0   0   0   0   0   0   0   0   0   0   0   0   0  33   0  49   0   0   0  0.61 0.02
   31 S     1   0  -1  -1  -2   0   0  -1  -1  -3  -3   2  -2  -3   5   1   0  -3  -2  -2   16   0   0   0   0   0   0   0   0   0   0  31   0   0  36  16   0   0   0   0  0.62 0.02
   32 S     1  -1   0  -1  -1   0  -1  -1   0  -2  -2  -1  -2  -1  -1   4   1  -1   3  -2    0   0   0   0   0   0   0   0   0   0   0   0   0   0   0  82   0   0  18   0  0.39 0.03
   33 T    -1  -2   0   3  -2  -1   0   3  -2  -1   0  -1  -1  -2  -2   0   1  -3  -2  -1    0   0   0  31   0   0   0  34   0   0  18   0   0   0   0   0  16   0   0   0  0.29 0.01
   34 M    -1  -2  -3  -3  -1  -2  -3  -3  -3   3   2  -2   3   0  -3  -2  -1  -2  -1   3    0   0   0   0   0   0   0   0   0  18  16   0  16   0   0   0   0   0   0  50  0.31 0.02
   35 T     0  -2  -1  -2  -1  -1  -1  -2  -2   0  -1  -1  -1  -2   5   0   2  -3  -2   2    0   0   0   0   0   0   0   0   0   0   0   0   0   0  34   0  35   0   0  31  0.53 0.02
   36 I     2  -1   0  -1  -1  -1  -1  -1  -2   0  -1  -1  -1  -2  -1   3   1  -3  -2   0   31   0   0   0   0   0   0   0   0  16   0   0   0   0   0  52   0   0   0   0  0.25 0.02
   37 G     0   0   0  -1  -3  -1  -1   5  -2  -4  -3   2  -2  -3  -2   0  -1  -3  -3  -3    0   0   0   0   0   0   0  69   0   0   0  31   0   0   0   0   0   0   0   0  0.67 0.02
   38 H     2  -1   3   2  -2   0   0  -1   3  -3  -3  -1  -2  -3  -2   0  -1  -3  -1  -2   31   0  34  18   0   0   0   0  16   0   0   0   0   0   0   0   0   0   0   0  0.33 0.02
   39 G    -1  -1   0   3  -3   0   3   1  -1  -2  -1   0   2  -2  -2   0  -1  -3  -2  -2    0   0   0  31   0   0  34  16   0   0   0   0  18   0   0   0   0   0   0   0  0.35 0.02
   40 G     0  -2  -1  -2  -2  -1  -2   4   3   0  -1  -2   2  -2  -2  -1  -1  -2  -1   0    0   0   0   0   0   0   0  48  18   0   0   0  16   0   0   0   0   0   0  18  0.32 0.02
   41 G     0  -1   0  -1  -2  -1  -1   3   4  -3  -3  -1  -2  -2  -2   1   2  -3  -1  -2    0   0   0   0   0   0   0  36  27   0   0   0   0   0   0  13  24   0   0   0  0.39 0.03
   42 Y    -2  -2   1  -2  -3  -2  -2  -3   1  -1  -1  -2  -1   4  -3  -2  -2   1   6  -2    0   0  14   0   0   0   0   0   0   0   0   0   0  24   0   0   0   0  61   0  0.67 0.05
   43 Y    -1  -2   2  -2  -2  -1  -2  -2   0   1   1  -2   0   1  -3  -1  -1  -1   3   1    0   0  23   0   0   0   0   0   0   0  26   0   0   0   0   0   0   0  27  24  0.19 0.02
   44 P     0   0  -1  -1  -2   0  -1  -2  -2   0  -2   2  -1  -3   5   1   0  -3  -2  -1    0   0   0   0   0   0   0   0   0  14   0  23   0   0  37  26   0   0   0   0  0.55 0.03
   45 R     1   4   0  -1  -2   3   0  -2   0  -3  -2   1  -1  -3  -2   1   0  -3  -2  -2   12  41   0   0   0  29   0   0   0   0   0   0   0   0   0  18   0   0   0   0  0.43 0.05
   46 D     0  -1   0   3  -2   2   3  -1  -1  -3  -3   0  -2  -3  -1   2   0  -3  -2  -2    0   0   0  21   0  12  31   0   0   0   0   0   0   0   0  36   0   0   0   0  0.45 0.04
   47 E    -1   0   2   0  -3   0   3   3  -1  -3  -3   2  -2  -3  -2   0  -1  -3  -3  -3    0   0  12   0   0   0  31  36   0   0   0  20   0   0   0   0   0   0   0   0  0.44 0.04
   48 D    -1   2   2   3  -3   0   2   2  -1  -3  -3   0  -2  -3  -2   0  -1  -3  -3  -3    0  20  12  31   0   0  18  18   0   0   0   0   0   0   0   0   0   0   0   0  0.43 0.03
   49 L    -1   5  -1  -2  -3   2   0  -2  -1  -2  -1   3  -1  -3  -2  -1  -1  -3  -2  -2    0  58   0   0   0  12   0   0   0   0  10  20   0   0   0   0   0   0   0   0  0.52 0.05
   50 D    -1   2  -1   1  -2  -1  -1   3  -2  -1   0   0   4  -2  -2  -1  -1  -2  -2  -1    0  20   0  10   0   0   0  29   0   0   0   0  41   0   0   0   0   0   0   0  0.25 0.05
   51 V    -2  -2  -2  -3  -2  -2  -2  -3   4   1   1  -2   0   3  -3  -2  -1   6   1   1    0   0   0   0   0   0   0   0  20  11  12   0   0  18   0   0   0  18   0  21  0.40 0.04
   52 P    -1   2   1   0  -3   0   2   2  -1  -3  -3   1  -2  -3   3   0  -1  -3  -2  -3    0  18  12   0   0   0  20  18   0   0   0  10   0   0  21   0   0   0   0   0  0.43 0.03
   53 D    -2  -1   0   4  -3   0   2  -2  -1  -1   0  -1   4  -2  -2  -1  -1  -3  -2  -1    0   0   0  43   0   0  20   0   0   0   0   0  36   0   0   0   0   0   0   0  0.42 0.06
   54 T     0   0   0  -1  -1   0   0  -1  -1  -2  -2   1  -2  -3  -1   3   3  -3  -2  -1    0   0   0   0   0   0   0   0   0   0   0  17   0   0   0  56  28   0   0   0  0.41 0.07
   55 R    -1   3   0  -1  -3   0   0   1   5  -3  -3   3  -2  -3  -2  -1  -2  -3  -1  -3    0  30   0   0   0   0   0  15  26   0   0  29   0   0   0   0   0   0   0   0  0.48 0.07
   56 T     0  -2  -1  -1  -2  -1  -2   3  -2   1  -1  -1  -1  -2  -2   2   2  -3  -2   0    0   0   0   0   0   0   0  29   0  21   0   0   0   0   0  34  16   0   0   0  0.27 0.06
   57 I    -1  -3  -2  -3  -2  -2  -3   1  -3   2   2  -2   1   2  -3  -1   1  -2   0   1    0   0   0   0   0   0   0  15   0  24  35   0   0  14   0   0  13   0   0   0  0.19 0.04
   58 G    -1  -1  -1  -2  -3  -1  -2   5  -2  -4  -4   1  -3  -4   4  -1  -2  -3  -3  -3    0   0   0   0   0   0   0  59   0   0   0  15   0   0  26   0   0   0   0   0  0.84 0.08
   59 S     0  -1   0   2  -2   0   0  -1  -1  -3  -3   1  -2  -3  -1   4   2  -3  -2  -2    0   0   0  14   0   0   0   0   0   0   0  15   0   0   0  58  13   0   0   0  0.41 0.08
   60 A     2   0  -1  -1  -2   1   0   3  -1  -3  -3   1  -2  -3  -1   1   0  -3  -2  -2   32   0   0   0   0  13   0  26   0   0   0  15   0   0   0  14   0   0   0   0  0.32 0.05
   61 Y    -2  -1  -2  -3  -3  -1  -2  -3   0  -1   0   1   4   4  -3  -2  -2   0   5  -1    0   0   0   0   0   0   0   0   0   0   0  15  26  27   0   0   0   0  32   0  0.46 0.09
   62 D    -1  -2   1   5  -3   0   2   1  -1  -4  -4  -1  -3  -4  -2   1  -1  -4  -3  -3    0   0   0  61   0   0  13  14   0   0   0   0   0   0   0  13   0   0   0   0  0.68 0.08
   63 R    -1   5  -1  -1  -3   2   2  -2  -1  -3  -2   1  -2  -3  -2  -1   1  -3  -2  -2    0  59   0   0   0  15  13   0   0   0   0   0   0   0   0   0  14   0   0   0  0.58 0.09
   64 Y    -2  -2  -1   1  -3  -1  -1  -3   5  -2   0  -2  -1   2  -3  -2  -2   0   5  -2    0   0   0  12   0   0   0   0  24   0  12   0   0   8   0   0   0   0  45   0  0.58 0.11
   65 L     0  -1  -2  -3  -2  -1  -2   0   2   0   2   0   0   3  -3  -1  -2  -1   0  -1   10   0   0   0   0   0   0  11  11   0  37  11   0  20   0   0   0   0   0   0  0.16 0.07
   66 Q    -1   0   2   3  -3   3   0  -2  -1  -3  -2   1  -2   1  -2   1   1  -3  -1  -2    0   0  12  22   0  26   0   0   0   0   0  10   0  10   0  11  10   0   0   0  0.30 0.08
   67 S     1  -1   2   1  -2  -1  -1  -1  -1  -3  -3  -1  -2  -3  -1   4   2  -3  -2  -2   11   0  12  10   0   0   0   0   0   0   0   0   0   0   0  57  11   0   0   0  0.44 0.11
   68 V    -1  -2  -2  -3  -2  -2  -2  -3  -2   1   2  -2   3   2   1   0   1  -2  -1   1    0   0   0   0   0   0   0   0   0   9  28   0  16  12   9  10  11   0   0   6  0.21 0.06
   69 Q     0  -1   3  -1  -3   4   1  -2   0   0  -2   0  -1  -2  -2  -1   0  -2   1  -2    8   0  25   0   0  39   8   0   0   8   0   0   0   0   0   0   5   0   8   0  0.40 0.14
   70 S     2  -2  -1   1  -2  -1  -1   1  -2  -1  -2  -1   1  -3   1   2   1  -3  -2   0   22   0   0   8   0   0   0   8   0   0   0   0   8   0   8  28  13   0   0   6  0.24 0.09
   71 G    -1   1  -1  -2  -3  -2  -2   5  -2   0  -1  -1   1  -3  -3  -1   0  -3  -3  -2    0  13   0   0   0   0   0  60   0   8   6   0   7   0   0   0   7   0   0   0  0.58 0.15
   72 E     0  -1  -1   0  -3   0   3   1  -1  -3  -3   0  -2   0   4   0  -1  -3  -2  -2    6   0   0   0   0   0  34  12   0   0   1   7   0   7  24   6   0   0   0   0  0.46 0.11
   73 G     2  -2  -2  -2  -2  -2  -2   3  -2   0  -1  -2  -1   3  -2   0  -1  -2   0  -1   22   0   0   0   0   0   0  31   0   9   5   0   0  22   0   7   0   0   0   0  0.29 0.10
   74 G     2  -2   0  -1  -2  -1   0   3  -2  -3  -3  -1  -2  -3   1   2   0  -3  -2  -2   21   0   4   0   0   0   9  32   0   0   1   0   0   0   5  18   7   0   0   0  0.36 0.10
   75 S     0   0  -1  -2  -2  -1  -2   1  -2   0   0  -1   3   2  -2   1   1  -2  -1   0    6   7   0   0   0   0   0  16   0   5   1   0  17  17   0  12   9   0   0   8  0.13 0.09
   76 V     1  -2   1  -2   3  -2  -2  -2  -2   1   1  -2   2   0   1  -1  -1  -2  -1   2   17   0   9   0   8   0   0   0   0  11  10   0   8   5   7   0   0   0   0  22  0.14 0.07
   77 S     1  -1  -1   0  -2  -1  -1   2  -2  -2  -1   2  -2  -3   2   1   0  -3  -2  -2   14   0   0   5   0   0   0  21   0   0   6  19   0   0  11  17   5   0   0   0  0.25 0.08
   78 M     0   0  -2  -2  -2  -1  -2  -2  -2   0   2   0   2   2   2   0   0  -2  -1  -1    9   6   0   0   0   0   0   0   0   0  31   5  11  11  10  10   5   0   0   0  0.16 0.08
   79 G     0  -2   0  -2  -3  -2  -2   4  -2  -2  -2   0  -2  -3   0   1  -1  -3  -3   0    3   0   5   0   0   0   0  47   0   0   3   8   0   0   4  13   0   0   0  13  0.46 0.16
   80 R    -1   3   1   2  -3   1   1   0  -1  -2  -1   0  -2  -3  -2   0  -1  -3  -2  -1    0  30   8  15   0   8   8   9   0   0   9   0   0   0   0   6   0   0   0   5  0.27 0.12
   81 S    -1   0   0   1  -3   1   0   2  -2  -3  -3  -1   0  -3   3   3  -1  -3  -3  -3    0   5   3   7   0   6   7  15   0   0   0   0   5   0  18  31   0   0   0   0  0.39 0.15
   82 G    -1   2   1  -1  -3  -1  -1   3  -2  -3  -1   2  -2  -3  -1   0   0  -3  -3  -2    3  12  10   0   0   0   0  33   0   0   8  20   0   0   2   3   6   0   0   0  0.33 0.13
   83 G     1  -2  -2  -1   3   0  -2   4  -2  -1  -2  -2  -2  -2   0  -1  -1  -3   0  -2   17   0   0   4   7   5   0  45   0   7   3   0   0   0   5   0   2   0   4   0  0.43 0.15
   84 G     1  -2   0  -2  -2  -2  -2   1  -1   0  -1  -2   1   1  -2   0   1  -1   4   1   14   0   4   0   0   0   0  10   0   3   2   0   7   5   0   5   9   0  21  16  0.18 0.11
   85 G     0  -3   1   1  -3  -2  -2   5  -2  -4  -4  -2  -3  -4  -3   0  -1  -3  -3  -3    5   0   8   8   0   0   0  65   0   0   0   0   0   0   0   8   4   0   0   0  0.88 0.22
   86 G     0  -2  -2  -2  -2  -2   0   3  -2  -2  -2  -2   1   4  -3   0   1  -2  -1  -1    7   0   0   0   0   0   7  31   0   0   0   0   6  25   0   5  12   0   0   4  0.33 0.15
   87 G     0  -2  -2  -2  -2  -2  -1   0  -2   0   1  -2   2   1  -2  -1   0  -2   1   2    8   0   0   0   0   0   5   8   0   0  18   0  11   5   0   5   6   0   6  27  0.14 0.10
   88 G     0  -2  -1  -2  -2   1   0   2  -2  -1  -1   0   0  -3   4   0   0  -3  -3  -2    4   0   0   0   0   9   5  23   0   5   8   5   2   0  24   6   8   0   0   0  0.36 0.12
   89 G     0  -1   3   0  -3  -1   0   3  -1  -3  -3  -2  -2   2  -3   0  -1  -2   1  -3   10   3  19   6   0   0   4  30   0   0   0   0   0  15   0   5   0   0   4   0  0.34 0.14
   90 G     1  -2  -1   0  -2  -1   0   3   1  -2  -2   0   0  -2  -2   1  -1  -3   0   0   15   0   0   7   0   0   6  31   6   0   1   5   4   0   0  11   0   0   3   9  0.24 0.11
   91 N     0   0   2   1  -2   0   0   0  -1  -1  -1  -1   0  -2   1   1   1  -3  -2  -1    7   7  13  10   0   4   6   5   0   3   6   0   3   0   7  13  12   0   0   0  0.15 0.07
   92 V     0  -2  -1   3  -3  -1   0   1  -2  -2  -1  -2   2  -2   3   0  -2  -3   1  -1    6   0   0  27   0   0   6  15   0   0   3   0  13   0  15   4   0   0   6   3  0.33 0.15
   93 Q    -1   0  -1  -1  -2   0   1   0   2   0   0   0   0  -2   3   1   0  -3  -2   0    2   4   0   0   0   5  10   8   6   4  11   4   4   0  18  14   3   0   0   6  0.19 0.09
   94 T     2  -2   0   1   1  -1   1   0  -2  -2  -2  -1   0  -3   1   1   2  -3  -3  -2   22   0   4  10   4   0  11   4   0   0   3   3   4   0   7   9  21   0   0   0  0.23 0.13
   95 I     1   1   0  -1  -2   1   0  -2  -2   0   0  -1   4  -2   1   0  -1  -3  -1   0   17  10   6   2   0   9   5   0   0   6   6   0  22   0   7   4   0   0   2   4  0.18 0.15
   96 D     0  -1   3   3  -3   1   0   1  -1  -3  -2   0  -2  -4   0   1   0  -4  -3  -3    8   0  19  20   0   9   3  13   0   0   3   4   0   0   5  11   5   0   0   0  0.33 0.14
   97 D     2  -1   0   1  -3   0   2   2  -2  -3  -3  -1  -2  -3   1   0   0  -4  -3  -1   27   3   4   7   0   4  17  21   0   0   0   0   0   0   6   3   4   0   0   4  0.30 0.14
   98 F     0   2  -2  -3  -2  -1  -2  -1  -2   0   1   0   2   1  -1  -1  -1  -2   1   1   12  19   0   0   0   0   0   5   0   2  17   6  11   6   3   0   0   0   6  12  0.13 0.11
   99 M     0  -1   2   2  -2  -1  -1   0  -2   0  -1  -1   3  -2   1   0   1  -3  -2  -1   10   4  11  15   0   2   0   9   0   6   3   0  14   0   7   2  14   0   0   3  0.15 0.11
  100 L     1  -2  -1  -1  -2   1  -1   3  -2   1  -1   0   0  -2  -2   1   1  -3  -2   0   10   0   0   3   0   9   0  25   0  12   2   5   3   0   0  10  12   0   0   6  0.18 0.11
  101 R     1   1   2   1  -3   1   0   1   1  -2  -3   2  -1  -3  -2   0  -1  -3  -1  -1   15   8  16   6   0   5   3  13   3   0   0  16   3   0   0   7   0   0   2   4  0.20 0.10
  102 R    -1   1  -2  -2   2  -1  -2  -2   1   0   0  -1   3   1  -2  -1   1  -1   3  -1    5  10   1   1   6   1   1   3   5   6  10   1  13   7   1   2  11   0  17   1  0.16 0.11
  103 G     0  -2   2   0   3  -2  -2   4   0  -3  -2  -1  -2  -3  -2   1  -1  -3  -3  -2    5   1  11   4   9   1   1  41   3   1   3   4   0   0   1  11   3   0   0   1  0.44 0.15
  104 G     0  -2   1  -2  -2   0  -2   4  -2  -3  -2  -1   1  -2   0   1   0  -3  -1  -2    8   1   6   1   0   4   1  42   0   1   1   3   7   0   4  12   6   0   3   1  0.41 0.15
  105 V     1  -1  -1  -2  -2   1  -1   1  -1  -1   0  -1   0   0  -2   1   0  -2   2   0   13   1   1   1   0  11   1  13   0   1   9   3   3   4   1  16   6   0   9   9  0.10 0.09
  106 L     0   0   0  -2  -2  -2  -2   1  -2   1   2  -1   0  -1  -1  -1   0  -2   1   1    5   5   5   1   0   1   1  15   0   6  25   3   0   1   3   1   6   0   8  14  0.09 0.08
  107 P     0  -2  -3  -3  -4  -3  -3  -1  -3  -4  -2  -1  -3  -4   7   1  -2  -4  -4  -2    6   2   0   0   0   0   0   4   0   0   3   3   0   0  67  10   0   0   0   2  1.55 0.41
  108 L     0   0   0  -1   0   0  -1   0  -2   0   0   0   2   0   2   1   0  -2   0  -1    4   6   3   3   3   3   1   8   0   5  10   8   9   3  11  13   6   0   3   1  0.08 0.07
  109 D     0   1   1   3  -3   0   0   0   1  -3  -2   0  -1  -3   2   1   0  -3  -1  -2    5   9   5  19   0   3   5   4   3   0   4   4   2   0  10  16   7   0   2   0  0.24 0.12
  110 H     1  -2   0  -2   1  -1  -2  -1   2   0   1  -2   0   2  -1   0   0  -2   1   0   15   0   6   0   4   2   0   4   9   4  17   0   2  13   3   5   7   0   3   6  0.09 0.10
  111 G     1   2   0   0  -2   1   0   2   1  -1  -1   0   0  -2   0  -1   0  -3  -1  -1   14  13   4   5   0   7   3  16   4   3   6   4   3   0   3   0   8   0   3   2  0.10 0.08
  112 P    -2  -1   0  -2  -4   0  -2  -1  -3  -3  -1  -2  -1  -3   6   0   0  -4   0  -2    0   4   5   2   0   6   0   5   0   0   6   0   2   0  53   6   5   0   4   3  1.02 0.33
  113 N     0   0   4   1  -3  -1  -1  -1   1  -2  -2   1  -1  -1  -1   1   0   2  -1  -2   10   6  28   6   0   0   2   3   3   1   3   8   2   2   2  12   3   3   2   2  0.25 0.16
  114 G     0   0   0  -1  -3   0  -2   4  -2  -1   0   0  -1  -3  -1   0   0  -3  -1  -1    6   5   4   2   0   6   0  37   0   3   9   6   1   0   3   6   5   0   2   4  0.26 0.14
  115 H    -1   3   1  -2  -1   0   0  -1   2  -1  -1   1   1  -2   0   0  -1  -3   0  -1    4  24   9   0   2   3   5   5   8   3   5  11   5   0   5   4   2   0   4   3  0.19 0.13
  116 T     2  -1   0  -1  -2   0  -1   2  -2  -2  -1   0  -2  -3   1   2   1  -3  -3  -2   18   2   3   2   0   3   2  21   0   2   5   8   0   0   7  17   9   0   0   0  0.25 0.15
  117 I    -1  -1  -1  -2  -2   0  -1   1  -2   2   1   0   3  -2   0  -1   0  -3  -1   1    4   2   2   0   0   5   3  13   0  13  12   5  13   0   4   5   3   0   2  12  0.11 0.12
  118 G     1   0   0   0  -3   1   0   4   1  -4  -3  -1  -3  -4   1   1  -1  -4  -3  -3   13   5   3   4   0   6   5  33   4   0   2   3   0   0   5  14   2   0   0   0  0.37 0.18
  119 F     1   1  -2  -3  -2   0  -2  -1  -2  -1   1   0   2   3  -1  -1  -1  -2   1   0   12  12   0   0   0   6   0   5   0   0  14   3   7  15   3   4   2   0   7   9  0.12 0.12
  120 D     1   0   1   3  -3   1   0   1  -2  -3  -2  -1  -1  -4   2   0   0  -4  -3  -2   11   6   7  23   0   9   3  14   0   0   2   0   2   0  10   7   5   0   0   2  0.31 0.17
  121 P    -1   2  -2  -1  -1   1  -1   2  -2  -2  -2   1  -1  -3   3   0   0   2  -3  -3    2  13   0   2   1   7   2  21   0   2   4   7   1   0  20   9   5   3   0   0  0.37 0.19
  122 P     1  -2  -1  -2  -3   0  -1   1  -3  -3  -1   0  -3  -2   5   1  -2  -4  -3  -2   10   0   3   0   0   4   2   9   0   0   8   7   0   2  40  11   0   0   0   2  0.71 0.27
  123 E     1   0   1   3  -3   1   3   1  -2  -3  -3   0   0  -3  -2   1  -1  -4  -3  -3   12   5   6  16   0   7  22  10   0   1   0   4   4   0   1  11   0   0   0   0  0.31 0.18
  124 P     0   0   0   0  -3   0   0   0  -2  -3  -3   1  -1  -3   4   1   2  -4  -2  -2    7   5   3   5   0   3   4   6   0   0   2   9   2   0  25  13  13   0   1   2  0.41 0.19
  125 V     1  -1   0  -1  -2   0   0   0   0   1   0  -1   1  -1   0   0   0  -2  -1   1   16   3   4   2   0   4   4   7   3   8   5   2   6   2   4   8   7   0   2  13  0.04 0.05
  126 G     1  -2   1  -1  -2   0   0   3  -2  -3  -2   0  -1  -2   0   1  -1   1   0  -2   10   1   8   1   0   4   5  29   0   1   5   5   1   0   5  15   2   3   4   1  0.27 0.15
  127 R     0   1   0   0  -2   1   0   1  -1  -2  -2   0   0  -1  -1   1   1  -3  -1  -2    9  11   5   6   0   9   6  12   0   2   2   6   4   2   2  10  10   0   2   1  0.13 0.08
  128 R    -1   0   0   1  -2   2   2   0   1  -3  -1   1   0  -2   1   0  -1  -3   1  -2    3   6   3   9   1  14  17   7   4   0   6   6   2   0   8   3   2   0   5   1  0.21 0.13
  129 N    -1  -1   3   3  -3   0   1   0  -1  -3  -3   0  -3  -3   3   0  -1  -4  -2  -2    4   2  21  18   0   3   9   9   1   0   2   5   0   0  14   4   3   0   1   2  0.39 0.18
  130 L     0   1  -1   0  -2   0   1  -1  -1   0   1   0   1   0   1   0   0  -2  -1   0   10  10   2   4   0   2   9   5   0   2  14   5   5   4   6   6   5   0   2   8  0.04 0.04
  131 P    -2   1   0   1  -4   1   3  -1  -2  -2  -3   0  -3  -4   5   0  -2  -4  -3  -3    2   9   4   6   0   8  21   4   0   2   2   3   0   0  32   5   1   0   0   1  0.65 0.27
  132 S     0   1   0   1  -3   0   1   0   0  -3  -3   0  -3  -3   3   2   0  -3  -3  -3    9  10   2   8   0   2  11   6   2   1   1   6   0   0  18  20   3   0   0   1  0.36 0.19
  133 D    -1   0   1   3  -3   0   2  -1  -2   0  -1  -1   0  -2   1   0  -1  -3  -2  -1    4   5   6  22   0   3  19   4   0   7   5   2   4   2   5   7   2   0   0   3  0.22 0.14
  134 A     1  -1   0   2  -3   1   2  -1  -1  -2  -2   1  -1  -3   1   0   0  -3  -1   0   14   1   2  17   0   7  14   3   1   1   2   8   1   0   7   7   5   0   3   8  0.21 0.14
  135 S    -1  -1   4   0   0  -2  -1   1  -2  -2  -1   0  -2  -1  -2   3   1  -4  -3  -1    2   3  23   5   2   0   2   9   0   1   5   5   0   2   1  25   7   0   0   5  0.31 0.22
  136 N     1   3   3   0   1  -1  -2  -1   1  -2  -3   0  -3  -4   0   1   1   0  -2  -2   16  17  20   4   4   1   0   4   3   1   1   4   0   0   3   9  10   1   1   1  0.31 0.22
  137 T    -2  -2   2  -2   1  -2  -3  -4  -3   1  -3   1  -3  -4  -3   1   5  -5  -4  -1    0   1  10   1   3   1   0   0   0   8   1  11   0   0   0  11  47   0   0   4  0.73 0.41
  138 L    -4  -5  -6  -6  -1  -5  -5  -6  -5   4   5  -5   1  -2  -5  -5  -4  -5  -4   1    0   0   0   0   1   0   0   0   0  27  61   0   2   0   0   0   0   0   0   8  1.27 0.50
  139 Y    -5   1  -5  -6  -5  -5  -5  -4  -3  -1  -2  -3  -2   7  -6  -4  -5  -2   7  -4    0   7   0   0   0   0   0   1   0   3   3   1   1  45   0   1   0   0  38   0  1.76 0.64
  140 V    -4  -6  -6  -6  -4  -5  -6  -6  -6   4  -1  -6  -2  -4  -6  -5  -3  -6  -4   6    0   0   0   0   0   0   0   0   0  21   4   0   0   0   0   0   0   0   0  75  1.74 0.65
  141 E    -1   1  -1  -3  -1  -1  -1   4  -2  -4  -4   2  -4  -3  -4   1   1  -4   0  -4    2   7   3   0   1   2   3  38   1   0   1  15   0   1   0  12  10   0   4   0  0.54 0.31
  142 G    -3  -2   7  -3  -6  -1  -4   3   2  -6  -6  -2  -5  -6  -5  -2  -3  -6  -1  -6    1   2  58   0   0   2   0  27   4   0   0   1   0   0   0   2   0   0   2   0  1.52 0.61
  143 L    -4  -5  -6  -7  -4  -5  -6  -7  -6   1   6  -5   0  -1  -6  -5  -4  -5  -4   1    0   0   0   0   0   0   0   0   0   6  84   0   1   2   0   0   0   0   0   7  1.57 0.60
  144 P    -3  -3   3   1  -5  -3  -2  -2   0  -5  -5  -3  -2  -6   6   3  -1  -6  -5  -4    1   1  15   7   0   0   2   2   3   0   0   0   1   0  44  22   2   0   0   1  1.19 0.51
  145 S    -1  -1  -2  -2  -4   2   2  -1   1  -2  -2  -1  -2   4   1   0  -1   0   2  -2    4   3   1   1   0   9  15   4   4   1   2   4   1  23   8   7   3   1   7   1  0.31 0.23
  146 N    -1  -1   2   4  -4  -1   2  -2  -2  -4  -3   1  -1  -2  -2   1   1  -4   1  -3    2   2  12  25   0   0  16   2   0   0   2   7   2   1   1  14   8   0   5   1  0.44 0.27
  147 C     1  -4  -3  -3   4  -3  -4  -4  -4   1  -1  -4   2   1  -4  -1   4   0  -3   2   12   0   0   1  10   0   0   0   0   9   2   0   7   5   0   2  33   1   0  17  0.61 0.36
  148 S    -2   1   1   1  -4   1  -1   0  -1  -3  -4  -1  -4  -5  -4   1   5  -5  -4  -3    1   7   5   7   0   5   3   6   1   0   0   3   0   0   0   9  52   0   0   0  0.83 0.45
  149 R    -2  -1  -1   3  -5   1   5  -4  -3  -4  -5   0  -4  -6   0   0  -2  -2  -5  -3    2   3   2  18   0   6  49   0   0   1   0   3   0   0   4   8   2   1   0   1  0.94 0.45
  150 R    -1   2   0   2  -2   3   4  -3  -1  -4  -3   1   1  -3  -2  -1  -1  -4  -4  -4    3  10   3  13   1  14  31   1   1   0   1   9   5   1   1   3   3   0   0   0  0.56 0.31
  151 E    -2  -1  -1   3  -2   2   4  -3   0  -3  -3   0   2  -3  -3  -1   0  -5  -4  -2    2   1   2  18   1  10  39   1   2   1   1   5   6   1   0   2   5   0   0   2  0.66 0.35
  152 V    -4  -5  -6  -6  -4  -5  -5  -6  -5   2   5  -5   2   0  -5  -5  -4  -4  -3   1    0   0   0   0   0   0   0   0   0   8  74   0   4   3   0   0   0   0   0   9  1.31 0.51
  153 A    -2   3  -1  -2  -4   2   2  -4   2  -2  -1   2  -2  -1  -3   0   1  -3   2  -2    2  21   1   0   0   8  14   0   6   1   5  14   1   2   0   5   8   0  10   2  0.38 0.25
  154 H    -1  -1   0   3  -4   3   4  -2   1  -3  -1   1   0  -4  -3  -1  -1  -4  -2  -2    6   3   3  17   0  14  28   2   3   1   6   6   3   0   0   4   2   0   1   3  0.44 0.27
  155 I    -1  -2  -4  -5  -3  -3  -2  -5  -2   3   4  -2   3   0  -2  -3  -1  -3  -1   1    4   2   0   0   0   0   2   0   1  16  45   2   7   3   2   1   2   0   2  11  0.56 0.29
  156 F    -6  -6  -6  -7   1  -7  -7  -7  -5  -4  -2  -6   0   9  -7  -6  -6  -3  -1  -4    0   0   0   0   3   0   0   0   0   0   3   0   2  91   0   0   0   0   0   0  2.76 0.85
  157 R     0   2   0  -1  -1   0   1   1   0  -3  -2   1   0  -2  -3   3  -1  -4  -2  -3    8  10   5   1   1   2  10  10   3   0   4  10   3   1   0  28   2   0   1   1  0.26 0.20
  158 P     0   2  -1  -1  -4   4   0  -2   0  -4  -4   2  -3  -4   4  -1  -1  -4  -4  -2    7  11   2   3   0  20   6   2   2   0   0  15   0   0  24   3   4   0   0   3  0.60 0.31
  159 F    -3  -4  -4  -5   1  -1  -3  -5   1   0   0  -4  -2   7  -5  -3  -4  -2   5  -1    2   0   0   0   3   3   1   1   4   5   7   0   0  48   0   2   0   0  19   4  1.15 0.44
  160 V    -2  -4  -2  -1  -4  -1   0   6  -4  -2  -5  -1  -4  -5   0  -1  -3  -5  -5  -1    0   0   1   3   0   2   6  66   0   2   1   4   0   0   5   3   1   0   0   4  1.12 0.44
  161 G     0   1   1   1  -3   0   0   3  -1  -3  -3   0  -1  -3   3   0   1  -3  -3  -2    6  10   6   7   0   3   6  24   1   1   1   3   1   0  14   5  10   0   0   2  0.32 0.18
  162 Y    -2  -4  -4  -5  -3  -4  -4  -5  -3   4   0  -4  -2   4  -4  -3  -3  -3   3   4    2   0   0   0   0   0   0   0   0  28   4   0   0  19   0   2   0   0  12  30  0.85 0.37
  163 R     0   2   0  -2  -3   0  -1  -1  -2   1   0   2  -1  -3  -2   0   1  -3  -1   1    5  11   4   1   0   4   2   5   0   7   7  21   0   0   0   8   9   0   1  15  0.16 0.15
  164 E    -2   3   0   1  -4   1   3  -2  -1  -4  -4   1  -3  -2  -3   2   0  -4   0  -1    1  20   4   7   0   4  23   2   1   0   0   5   0   2   0  17   6   0   3   4  0.43 0.28
  165 V     2  -4  -4  -4   2  -4  -4  -1  -4   3   0  -4  -1  -1  -2   0  -2  -4  -3   4   19   0   0   0   5   0   0   4   0  20   7   0   0   2   1   7   1   0   0  34  0.52 0.30
  166 R    -2   4  -1  -1   0   1  -1  -3   1  -1  -2   1  -2   0  -2  -1  -1  -2  -1   1    2  32   2   3   3   8   2   0   4   2   2  10   0   4   1   5   3   1   2  15  0.35 0.23
  167 L    -2  -3  -5  -5  -3  -3  -4  -5   0   4   3  -4   3   1  -4  -4  -3  -4  -1   3    3   1   0   0   0   1   0   0   2  29  26   0   9   5   0   0   0   0   2  21  0.71 0.33
  168 V    -1   0  -2  -2  -2  -1  -2  -1  -2   2   0   1   2   0  -1  -1  -1  -2  -2   3    4   6   1   1   0   3   1   5   0  17   7  12   8   5   2   3   1   0   1  24  0.19 0.14
  169 T    -1   1   1  -1  -1   0   0  -1  -1   0  -1   1   1  -2  -2   0   2   0   0   0    4  10   6   3   1   2   5   4   1   5   5  13   5   1   1   5  15   1   4   9  0.07 0.08
  170 K    -1   0   0   3  -2   0   0  -2  -1   1  -1   2  -1  -2   0  -1  -1  -2  -2  -1    6   4   4  19   1   2   3   3   1  11   7  21   2   1   5   4   4   0   1   3  0.16 0.10
  171 D     0   1   0   1  -2  -1   0   0  -1  -1  -2   1  -2  -2   4  -1  -1  -2  -2  -1    8  11   4   8   1   2   6   7   1   3   4  12   1   1  21   4   4   0   1   3  0.28 0.12
  172 S     0   0   0   1  -1   0   1   0  -1  -1  -1   1   0  -2   1   0   0  -2  -2  -1    9   6   5  11   1   3   9   7   1   2   6   8   4   2   7   8   6   0   1   4  0.09 0.05
  173 K    -2   0   1   3  -3  -1  -1  -1   1  -2  -3   2  -2  -2   2   0   2  -3  -1  -2    1   5   5  22   0   2   2   4   3   1   1  16   0   1   9   5  16   0   2   3  0.32 0.19
  174 H    -1   2   2   1  -3   2   1   0   3  -3  -3   3  -2  -3  -2  -1  -1  -3   1  -2    2  10  10   6   0   9   6   7   8   2   1  25   0   1   1   2   2   0   5   2  0.33 0.19
  175 R    -1   4   1   0  -3   1   1  -1  -1  -3  -2   1  -1  -2   2  -1  -1  -3  -1  -2    3  26   7   6   0   5  11   3   1   1   4  10   1   1  11   2   2   0   2   3  0.34 0.18
  176 N     0  -1   0   0   1  -1  -1   0  -1  -2  -2   0  -2  -3   1   2   3  -3  -2   0    5   2   4   4   3   2   3   6   1   1   2   5   0   1   8  16  28   0   1   7  0.28 0.18
  177 G     0  -1  -1  -1  -2  -1  -2   5   0  -3  -2  -1  -2  -3  -2  -1  -2  -2  -2  -2    5   4   2   2   1   2   2  57   2   2   4   4   1   1   2   3   2   0   1   2  0.77 0.25
  178 D    -1   2   0   0  -2   1   0  -1  -1  -1  -1   3  -1  -1   0   1   0  -2   0  -1    3  12   2   6   1   5   3   4   1   3   6  24   1   2   4  10   5   0   3   4  0.16 0.10
  179 P     0  -1  -1  -1   0  -1  -1  -1   1  -2  -1   0   0  -2   4   2   0  -2  -1  -1    5   3   2   2   2   2   2   4   5   2   5   4   2   2  23  22   7   0   2   5  0.33 0.14
  180 I    -2   4  -2  -2   2  -1  -1  -1  -1  -2   1   4  -1  -1  -1  -2  -1  -3  -2  -2    2  23   1   1   5   1   1   4   1   2  13  30   2   2   3   1   4   0   1   2  0.41 0.22
  181 V    -2  -3  -1  -2   2  -1  -3   6  -1  -3  -4  -3  -4  -4   0   1  -3  -4  -4  -2    1   1   2   2   6   3   1  61   1   2   2   1   0   0   5  10   1   0   0   2  1.03 0.40
  182 L    -4  -4  -5  -5   3  -4  -5  -5  -3   1   0  -4   4   6  -5  -3  -1  -2   4   0    0   0   0   0   6   0   0   0   0   8   6   0  12  42   0   1   4   0  14   6  1.07 0.43
  183 C     4  -4  -4  -4   5  -4  -4   5  -4  -5  -5  -4  -4  -5  -4  -2  -3  -5  -5  -4   36   0   0   0  14   0   0  46   0   0   0   0   0   0   0   0   0   0   0   0  1.32 0.52
  184 F    -6  -6  -6  -4  -6  -7  -7  -7  -5  -4  -3  -7  -4   9  -7  -6  -3  -3   2  -3    0   0   0   1   0   0   0   0   0   0   1   0   0  89   0   0   2   0   6   1  2.72 0.85
  185 V    -3  -6  -6  -6   0  -5  -6  -6  -6   4  -1  -5  -2  -4  -6  -5  -3  -6  -4   6    1   0   0   0   2   0   0   0   0  20   3   0   0   0   0   0   0   0   0  75  1.68 0.63
  186 D    -2   1   0   1  -2   2   4  -2   0  -3  -4  -1  -4  -5  -3   1   2  -5  -2  -2    1   6   3   8   1   8  38   2   2   1   0   2   0   0   0  12  12   0   1   2  0.59 0.34
  187 F    -6  -6  -6  -7  -6  -6  -6  -7  -4  -3  -3  -6  -1   8  -7  -6  -6  -2   5  -4    0   0   0   0   0   0   0   0   0   1   1   0   1  74   0   0   0   0  23   0  2.51 0.80
  188 T     0   0   0   3  -4  -1   4  -2   0  -3  -3   1  -1  -3  -3   0   0  -4   2  -2    8   4   3  15   0   0  33   2   2   1   1  10   2   0   0   5   5   0   8   3  0.43 0.28
  189 N    -2  -1   5   3  -4  -2  -1  -3   2  -5  -3   1  -4  -5  -4   1   2  -5  -2  -4    2   2  31  20   0   0   2   0   5   0   2   8   0   0   0   9  17   0   1   0  0.75 0.39
  190 P    -1   4  -2   0  -3  -1   2  -4  -1  -1  -3   2  -2  -3   3  -1  -3  -5  -4  -1    3  29   1   4   0   1  17   0   1   4   2  10   1   1  17   4   0   0   0   5  0.54 0.31
  191 A     2   1  -1   1   0   0   3  -1  -2  -1  -2   0  -1  -2  -1   1  -1  -4  -2  -1   20   6   2   8   2   3  26   3   0   4   1   3   1   1   2  11   2   0   1   5  0.26 0.21
  192 C    -1  -3  -1   5   2   3   2  -2   0  -5  -5  -2  -2  -2  -4   2  -2  -5  -3  -4    5   0   2  36   5  13  14   2   3   0   0   1   1   2   0  16   1   0   1   0  0.74 0.39
  193 A     6  -5  -5  -5  -1  -4  -2  -2  -5  -4  -4  -4  -2  -5  -4   0  -2  -6  -5   0   84   0   0   0   1   0   2   1   0   0   0   0   1   0   0   4   1   0   0   6  1.56 0.66
  194 A     1   0   0   0  -4   3   3  -1  -1  -3  -2   1   0  -4  -2   0   1  -4  -3  -2   12   3   3   5   0  14  29   3   1   0   5   7   2   0   1   4   9   0   0   2  0.37 0.25
  195 T     2   2   1   1  -3   1   1  -3  -1  -1  -3   2  -2  -3  -3   0   0  -4  -1  -1   23  12   6   8   0   6   9   0   1   3   0  13   1   1   0   5   6   0   2   4  0.25 0.20
  196 A     7  -5  -5  -5  -4  -4  -4  -3  -5  -5  -5  -4  -4  -6  -4  -1  -2  -6  -5  -1   94   0   0   0   0   0   0   0   0   0   0   0   0   0   0   2   1   0   0   3  1.96 0.76
  197 L    -3  -1  -4  -5   3   0  -4  -5  -4   4   2   0   5  -2  -5  -4  -3  -4  -1   1    1   3   0   0   6   4   0   0   0  33  19   8  16   0   0   0   0   0   2   8  0.69 0.36
  198 S     0   2   1   1  -4   2   2  -3   1  -3  -3   2  -1  -2  -3   1  -1  -4  -1  -3    8   9   8   9   0  11  17   0   3   1   1  15   2   1   0  11   1   0   3   0  0.36 0.23
  199 A     3  -1   1  -1  -3   1   0   1   1  -2  -2   1  -2   0  -2   0  -2  -4  -1  -1   31   1   6   3   0   6   5  11   4   1   2  12   1   4   0   7   1   0   2   3  0.24 0.20
  200 L    -3   0  -5  -6  -1  -4  -5  -6  -5   0   4  -3   7  -1  -5  -5  -3  -4  -1   0    1   5   0   0   1   0   0   0   0   3  49   1  31   1   0   0   1   0   2   4  1.19 0.51
  201 Q    -4  -3   6   4  -6   4  -1  -4   0  -6  -6  -1  -3  -5  -4   0  -2  -6  -2  -5    0   0  41  25   0  18   3   0   2   0   0   2   1   0   0   5   2   0   2   0  1.19 0.52
  202 G    -3  -5   0  -2  -5  -5  -5   7  -2  -6  -6  -4  -6  -3  -5  -2  -4  -5  -6  -6    0   0   4   2   0   0   0  89   1   0   0   0   0   1   0   2   0   0   0   0  2.08 0.68
  203 Y    -1  -1  -2  -3  -2   0  -1  -2   2   1  -1   0   1   3  -3  -1   1  -1   4   0    3   3   0   0   1   5   2   2   6   8   2   8   4  18   0   3  12   1  15   6  0.30 0.21
  204 R    -1   2   0   0  -2   2   1   0  -2  -1  -1   2  -1  -3  -1   0   0  -3  -2   0    2  12   3   5   1   9   9   8   0   3   4  18   1   0   2   5   6   0   1  10  0.16 0.13
  205 M    -3  -4  -4  -5  -3  -4  -4  -5  -4   4   3  -4   1   3  -1  -4  -2  -1   2   2    0   0   0   0   0   0   0   0   0  28  28   0   3  13   3   0   1   1   7  14  0.68 0.30
  206 D    -2  -1   0   5  -4  -1  -1   2  -2  -3  -3  -1   0  -2   0  -1   0  -4  -1  -3    1   3   2  43   0   2   2  15   1   1   2   3   3   2   5   3   7   0   2   1  0.58 0.28
  207 E    -1  -1  -1   1  -3   0   1   4   1  -3  -3   0   1  -4   1  -1  -2  -4  -3  -3    4   2   1  10   0   5  11  40   4   1   1   4   5   0   8   2   1   0   0   1  0.52 0.25
  208 N    -1   2   2   0  -2   1   0  -1   4  -2  -2   2  -1  -2  -1   1  -1  -2   0  -2    2  12   9   4   0   6   4   4  13   2   4  13   1   1   3  12   3   0   3   2  0.21 0.13
  209 E     0   2   1  -1  -2   0   1  -2  -1   0  -1   2   0  -2   0   0   1  -2  -2  -1    5  11  10   1   0   3  11   2   1   7   5  15   4   1   4   8   8   0   1   4  0.12 0.08
  210 S    -1  -2  -2  -2  -2  -1  -2  -2   0   2   2  -2   1  -1   3   0  -1  -2  -1   1    5   2   1   2   1   1   2   2   2  13  26   2   4   1  16   7   3   0   1   8  0.22 0.10
  211 D    -1   2   0   0  -1   2   1  -1   0  -1  -1   2   0   0  -1   0  -1  -2  -1  -1    4  13   2   6   2  13  10   3   2   6   3  12   2   5   3   7   2   0   2   3  0.13 0.08
  212 S    -1  -2   1  -2  -2  -1  -1  -1   0   1   0   0  -1  -2   1   0   1  -2  -1   2    3   1   8   1   0   1   3   4   3   7   7   5   1   1   6   7  13   0   2  26  0.12 0.11
  213 K    -1   2  -1   0  -1   2   1   0  -1  -1   0   2  -1  -2  -2  -1  -1  -2  -2  -1    3  14   2   5   2  11   9   7   1   4  12  18   0   2   1   3   3   0   1   3  0.15 0.10
  214 F     0   1  -2  -1  -2   0  -1  -1   0   1   1  -1  -1   0   2  -1   0   0   1   0    6   8   1   2   0   6   1   6   3  14  14   2   0   5  10   3   8   1   4   3  0.07 0.08
  215 L     0  -3  -3  -3  -2  -3  -3  -3  -3   3   2   0   3  -2  -2   0   0  -3  -3   2   10   0   0   1   0   0   0   0   0  23  26   6   8   0   1   6   4   0   0  14  0.36 0.21
  216 R    -1   6  -2  -2  -4   0  -1  -2   2  -3  -3   3  -3  -4  -3  -1  -1  -4  -3  -2    5  51   0   2   0   3   2   2   5   2   1  17   0   0   0   4   4   0   0   3  0.84 0.37
  217 L    -2   0  -3  -3   1  -2  -3  -4  -3   2   2   1  -1  -2   1  -1  -1   1  -2   3    0   4   0   0   4   0   0   0   0  10  27   9   0   0   7   6   2   2   0  26  0.31 0.20
  218 Q     0   0   0   1  -4   3   2  -3  -2  -4  -4   2  -3  -4   0   3   0  -4  -3  -3    5   3   3   6   0  15  17   0   0   0   0  15   0   0   5  27   3   0   0   0  0.49 0.27
  219 F    -1  -2  -1   1  -4  -3  -3  -4   0  -1  -2  -2  -2   6  -4  -1  -3   6   3  -2    6   2   3   9   0   0   0   0   2   3   1   2   0  45   0   4   0  11  11   1  0.92 0.37
  220 S     4  -2  -2  -1  -3  -1  -1   1  -3  -3  -3  -2  -3  -1   1   3  -1  -4  -3  -3   39   1   0   3   0   2   2   9   0   0   0   0   0   2   5  33   2   0   0   0  0.59 0.32
  221 R    -1   4   2  -2  -4   1   0  -1   1  -4  -4   4  -3  -4  -1   0  -2  -4  -3  -4    3  25  11   0   0   5   5   4   4   0   0  31   0   0   3   8   1   0   0   0  0.58 0.28
  222 K    -2   1   4   0  -3   0  -1  -1  -1  -3  -2   3  -3  -3   1   1   1  -4  -1  -3    1   5  24   5   0   2   0   3   1   0   3  25   0   0   6  14   8   0   3   0  0.40 0.22
  223 P     0  -2  -2  -3  -4  -1  -3  -1  -4  -4  -4  -1  -4  -5   7  -1  -3  -5  -2  -4    6   2   2   0   0   3   0   4   0   0   0   3   0   0  73   3   0   0   2   0  1.78 0.47
  224 G     0  -1   1  -2  -2   0  -1   3  -2  -2  -1  -1  -2  -3   0   1   1  -3  -3  -1    8   3   7   0   0   3   2  34   0   0   8   3   0   0   4   9  12   0   0   6  0.28 0.14
  225 S    -2   2   1  -2  -4   1  -2   3  -2  -4  -4   2  -3  -4   4   0   0  -4  -3  -4    0  11   7   0   0   7   0  26   0   0   0  14   0   0  24   6   4   0   0   0  0.59 0.22
  226 R     0   4  -2  -2  -3   0   0  -3  -2   0  -1   2  -2  -3   0  -2  -2  -3   0   1    7  38   0   0   0   3   3   0   0   8   3  17   0   0   4   0   0   0   3  12  0.40 0.19
  227 P    -1   3  -2  -2  -3   1   0  -2  -2  -3  -3   1   0   0   4   0   0  -3  -2  -3    2  27   0   0   0   5   3   3   0   0   0   8   3   6  29   8   6   0   0   0  0.58 0.21
  228 G     1  -2   1  -1  -2  -2  -2   4  -2  -1  -3  -1  -2  -3   0   0  -1  -3  -3  -1   14   0   7   2   0   0   0  49   0   4   0   4   0   0   3   7   3   0   0   6  0.50 0.16
  229 Q    -1  -2  -2   0  -3   3  -1  -3   1  -1  -3   0  -2  -3   5   1  -2  -4   0  -3    3   0   0   6   0  23   0   0   5   5   0   3   0   0  40  10   0   0   4   0  0.81 0.23
  230 R    -1   4   3   0  -3   0   0   0   1  -3  -1   1   1  -3  -2   0  -1  -3  -2  -3    4  33  21   5   0   0   5   5   4   0   5   5   6   0   0   8   0   0   0   0  0.33 0.14
  231 G     1   0  -1   0  -3  -2  -2   5  -2  -4  -4  -1  -3  -4  -2   1  -1  -3  -3  -3    7   7   0   6   0   0   0  63   0   0   0   0   0   0   0  16   0   0   0   0  0.77 0.15
  232 R     0   4   1  -1  -3   1  -1   1  -1  -1  -2   2  -2  -3  -2   0  -1  -3  -2  -2    8  39   9   0   0   5   0  10   0   9   0  13   0   0   0   8   0   0   0   0  0.31 0.08
  233 R    -2   6  -1  -2  -4   2  -1  -3  -1  -4  -3   1  -2  -4  -3  -1  -2  -3  -2  -3    0  90   0   0   0  10   0   0   0   0   0   0   0   0   0   0   0   0   0   0  1.09 0.17

                      K         Lambda
Standard Ungapped    0.1389     0.3169
Standard Gapped      0.0378     0.2670
PSI Ungapped         0.1236     0.3180
PSI Gapped           0.0378     0.2670
