
Last position-specific scoring matrix computed, weighted observed percentages rounded down, information per position, and relative weight of gapless real matches to pseudocounts
            A   R   N   D   C   Q   E   G   H   I   L   K   M   F   P   S   T   W   Y   V   A   R   N   D   C   Q   E   G   H   I   L   K   M   F   P   S   T   W   Y   V
    1 M    -3  -3  -4  -4  -3   3  -3  -5  -3   2   1  -3   8   2  -4  -3  -3  -3  -2   0    0   0   0   0   0  18   0   0   0  11   9   0  52   7   0   0   0   0   0   3  0.99 0.33
    2 Q    -1   0   1   0  -5   6   4  -2  -2  -5  -4   0  -2  -5  -3   0  -3  -5  -4  -4    4   3   5   2   0  39  33   3   0   0   0   5   1   0   0   6   0   0   0   0  0.89 0.34
    3 T    -1   1  -1  -1  -3   0  -1  -1  -1   0  -2   0  -1   0   1   2   2  -1  -2  -1    2   8   1   2   0   5   3   4   1   7   1   5   2   5   8  25  17   1   0   4  0.20 0.16
    4 P    -3  -1  -2  -1  -5  -2  -2  -4  -4  -5  -4   1  -2  -6   7   2  -1  -6  -5  -4    0   2   2   2   0   1   2   1   0   0   1  10   1   0  57  17   3   0   0   1  1.40 0.46
    5 S     0  -1   0   1  -3  -1   0   1  -3  -2  -3  -1  -1  -4   2   2   1  -4  -3   0    7   3   3   8   0   1   7  13   0   2   1   1   2   0  10  23  11   0   1   8  0.26 0.17
    6 S     1  -1   0   0  -1   1   1   0  -2  -1  -2   1   0  -3   2   2   0  -4  -3   0    9   3   2   4   1   6   8   8   0   3   3   9   2   0   9  19   6   0   0   7  0.16 0.12
    7 A     2   0  -1  -1  -3  -1   0   0  -2  -3  -2   0  -3  -4   4   2   0  -4  -3  -1   17   5   2   2   0   2   8   8   1   0   4   4   0   0  22  14   6   0   1   4  0.37 0.20
    8 S     1   1   1  -1  -3   1  -1   0   0  -1  -2   1  -2  -4  -1   3   2  -4  -2  -2   11   7   7   2   0   5   2   7   2   5   3  10   0   0   3  23  12   0   1   1  0.22 0.17
    9 A     1   1   1  -1   1  -1  -1   1   0  -2  -1   1   0  -2   2   1  -1  -4  -3  -1   15   8   6   1   3   2   4  11   3   1   6   8   3   2  11  13   2   0   0   3  0.14 0.11
   10 E    -1   0   0   1  -2   2   2  -1  -1  -1  -1   2  -1  -4   1   1   0  -4  -3  -2    5   3   3   8   0   9  16   3   1   4   8  14   1   0   6  11   5   0   0   2  0.19 0.14
   11 S     0  -1   0  -1  -1   0   1   0  -3  -3  -2   1  -2  -4   3   2   1  -3  -4  -3    9   3   3   2   1   3   7   8   0   0   4  12   1   0  15  21  10   0   0   0  0.31 0.20
   12 E     0   2   1   1  -4   2   1  -1  -2  -2  -3   1  -1  -4   1   2   0   1  -3  -3    6  15   6   7   0   9  10   3   0   2   2  10   1   0   7  15   4   2   1   1  0.27 0.18
   13 K    -1   2   0  -1  -4   1   0   0   0  -3  -3   4   0  -1   1   0  -1  -4   0  -1    5  13   3   2   0   6   4   8   2   1   1  28   3   3   7   5   2   0   4   4  0.29 0.20
   14 D     0   2   2   2  -3   1   1  -1   1  -1  -2   1  -2  -3   0   0   0  -4  -2  -1    8  11  11  11   0   5   7   3   5   4   3  11   0   1   5   7   5   0   1   3  0.17 0.12
   15 S    -1   1   1   1  -3   1   1   0  -1   0  -2   2   0  -1  -1   1   0   0  -2  -1    3   7   7   8   0   5   7   6   1   6   2  16   3   4   2  14   4   1   1   3  0.13 0.12
   16 G     0   1   0   0  -4  -1  -1   3   0  -2  -4   3  -1  -3   0   0   0  -4  -2  -3    5   8   4   5   0   2   2  28   2   2   0  19   2   1   5   7   5   0   1   2  0.35 0.21
   17 N    -1   3   2   0  -4   0   0  -1   1  -2  -3   2  -2  -2   1   1   0  -4  -1  -2    5  17   9   5   0   4   6   3   4   1   2  17   1   2   6   9   6   0   2   3  0.24 0.17
   18 T     0   0   0  -1  -1   0   1  -1   0   0   0   1   1  -1   0   0   0   0   0   1    5   3   6   2   1   3  10   3   2   5   8  13   4   2   4   5   6   1   4  12  0.04 0.06
   19 Y    -2   2  -1  -3  -2  -1  -2  -1   0   1   1   1  -1   3  -2   0   2   0   0  -1    1  11   2   0   0   1   1   6   3   8  13  11   1  13   1   6  13   1   3   4  0.14 0.15
   20 V    -1  -3  -3  -3  -3  -3   0  -3  -2   3   2  -2   4  -1  -4  -3   0  -4  -2   2    4   1   1   1   0   1   6   2   1  20  21   3  14   2   1   1   6   0   1  15  0.43 0.26
   21 G    -1  -1   1   4  -4  -1   3   3  -2  -6  -5   1  -5  -6  -4   0  -2  -6  -5  -5    4   3   7  23   0   2  20  23   1   0   0   9   0   0   0   6   2   0   0   0  0.68 0.36
   22 P    -4   2   2   5  -4   1   0  -3   2  -4  -4   3  -4  -2   0  -2  -2  -6  -3  -3    1  11  11  29   0   5   5   2   5   1   1  18   0   2   5   2   1   0   1   1  0.63 0.35
   23 W    -7  -7  -8  -9  -8  -7  -8  -8  -4  -6  -5  -8  -6   6  -9  -7  -7   4   9  -7    0   0   0   0   0   0   0   0   0   0   0   0   0  31   0   0   0   4  64   0  2.96 1.03
   24 L    -3   1   0   2  -3   2   4  -5   0   0  -2   1  -2  -4  -4  -2   1  -6  -3  -1    1   6   4  11   1   8  30   0   2   7   3   9   1   0   0   2   8   0   0   5  0.48 0.32
   25 L    -3  -1  -3  -5  -2  -2  -5  -5  -5   3   3   1   2   3  -3  -4  -2  -2  -2   2    0   4   1   0   1   1   0   1   0  15  29  10   4  12   2   0   2   1   1  16  0.55 0.31
   26 G    -3  -2  -3  -2  -1  -1  -2   4  -2   1   2  -1  -1  -3  -5  -2  -3  -5  -2   0    0   2   1   2   2   3   2  39   1   9  22   4   1   1   0   3   1   0   1   7  0.57 0.33
   27 R    -1   4  -2   1  -4   1   3  -2  -1  -4  -5   4  -3  -5  -2  -2  -3  -6  -5  -5    5  21   2   7   0   5  21   3   1   1   1  27   1   0   2   3   1   0   0   0  0.75 0.41
   28 T    -2  -2  -3  -2  -2   0   2  -5  -4   0   1   2  -1  -2   0  -2   3  -5  -4   2    1   2   1   2   1   4  12   0   0   5  15  14   1   1   4   1  18   0   0  18  0.33 0.27
   29 L    -6  -7  -8  -8  -6  -7  -8  -8  -8   5   5  -7  -2  -4  -7  -7  -5  -7  -4   0    0   0   0   0   0   0   0   0   0  35  58   0   0   0   0   0   0   0   0   6  1.73 0.68
   30 G    -5  -8  -6  -7  -8  -7  -7   8  -7  -9  -9  -3  -8  -9  -8  -3  -7  -8  -9  -9    0   0   0   0   0   0   0  97   0   0   0   2   0   0   0   2   0   0   0   0  2.86 1.01
   31 Q    -2   3  -1  -2  -4   2   3  -4   1  -4  -4   4  -3  -5  -5   1   0  -4  -4  -2    2  15   2   2   0  10  19   1   3   1   1  25   1   0   0   9   6   0   0   2  0.62 0.37
   32 G    -5  -8  -6  -7  -4  -7  -4   8  -4  -9  -9  -7  -8  -9  -8  -6  -7  -8  -9  -9    0   0   0   0   1   0   1  98   0   0   0   0   0   0   0   0   0   0   0   0  2.91 1.03
   33 N     2  -2   2  -3  -5   1  -1   1   0  -4  -5  -1  -4  -6  -3   3   3  -6  -5  -3   17   1   8   0   0   6   3  11   2   1   0   4   0   0   1  27  18   0   0   1  0.57 0.38
   34 L    -7  -8  -3  -8  -1  -8  -8  -8  -3  -6  -4  -8  -3   8  -6  -3  -2  -4   6  -5    0   0   1   0   1   0   0   0   0   0   0   0   1  64   0   2   3   0  26   0  2.49 0.91
   35 A     3  -7  -4  -6  -1  -6  -6   6  -7  -8  -8  -6  -7  -8  -6   1  -4  -7  -7  -7   21   0   0   0   1   0   0  66   0   0   0   0   0   0   0  10   0   0   0   0  1.82 0.75
   36 K    -3   1  -2  -4   0   0   0  -4  -1   0  -3   5  -2  -4  -5   0   2  -6  -2   2    1   8   1   0   2   4   6   1   2   6   1  32   1   0   0   5  11   0   1  17  0.55 0.36
   37 V    -2  -7  -8  -8   1  -7  -7  -8  -8  -1  -4  -7  -4  -6  -7  -5   0  -8  -6   7    4   0   0   0   3   0   0   0   0   1   0   0   0   0   0   0   7   0   0  84  2.22 0.87
   38 K    -5   2  -4  -6   2  -1  -3  -6   1  -2  -1   3   2   3  -6  -4  -4   0   7  -2    0  10   0   0   4   2   1   0   3   2   5  16   5  11   0   1   1   1  34   3  0.98 0.49
   39 L    -2   2  -4  -4  -2   0   0  -4  -2  -1   4   3   0  -2  -5  -1  -3  -4  -2  -2    3  11   0   0   1   4   7   1   1   2  41  17   1   1   0   4   1   0   1   2  0.56 0.35
   40 G     5  -6  -6  -6   6  -5  -6   2  -6  -2  -4  -5   0  -5  -6  -2  -4  -7  -4   2   46   0   0   0  15   0   0  17   0   2   1   0   2   0   0   1   0   0   1  16  1.20 0.58
   41 K    -3   5  -3  -4  -3   0   0  -5  -1   1  -1   2   0  -1  -5  -2   2  -1   1   0    1  29   0   0   1   3   7   0   1   8   4  13   2   3   0   2  12   1   5   8  0.50 0.33
   42 H    -4   0   3   3   0  -1   2  -4   7  -6  -4   0  -5  -4  -5   0  -3  -6  -2  -4    1   5  15  18   2   2  13   1  24   0   2   6   0   1   0   7   1   0   1   1  0.90 0.46
   43 F    -2   4  -1  -4  -3  -2  -2  -4  -2   1   0   5  -2  -3  -4  -1   0  -2  -4   0    2  19   3   0   1   1   2   1   1   9   9  35   1   1   0   3   7   1   0   6  0.61 0.37
   44 Q     0   1   0   1  -2   0   2  -1   1  -1  -1   1  -2  -2  -1   1   0  -4  -1  -1    9   6   5  10   1   3  14   5   4   3   7   9   0   1   2  11   6   0   1   4  0.12 0.11
   45 T    -3  -5   1   1  -3  -4  -2  -4  -4  -6  -4  -2  -5  -7  -4   2   7  -7  -4  -5    2   0   5   7   1   0   2   1   0   0   1   2   0   0   1  16  60   0   1   0  1.40 0.68
   46 N    -3   0   2  -1  -3   0  -2   5   1  -5  -4   2  -5  -6  -4  -1  -4  -3  -5  -6    1   6  11   4   1   4   3  49   3   1   2  12   0   0   0   3   0   0   0   0  0.97 0.47
   47 E    -1   2  -1   0  -2   4   3  -3   1  -3  -2   3  -3  -1  -4  -3   0  -3  -2  -2    4  10   3   4   1  19  21   1   3   1   5  16   0   3   0   1   5   0   1   2  0.48 0.32
   48 K    -1   0  -1  -1  -2   0   1  -3   1   1   1   1   1   0   0  -1   0  -2   0   1    3   5   2   3   1   5  10   0   3   9  14  10   3   4   4   3   5   0   4   9  0.08 0.10
   49 V    -3  -3  -7  -7   1  -6  -7  -7  -3  -2  -2  -6  -3   3  -7  -5  -5  -2   6   6    1   2   0   0   3   0   0   0   1   1   4   0   0  12   0   1   0   0  27  47  1.49 0.65
   50 A     7  -7  -7  -7  -2  -6  -6  -5  -7  -6  -7  -6  -6  -7  -6  -4  -3  -8  -7  -2   95   0   0   0   1   0   0   0   0   0   0   0   0   0   0   0   1   0   0   2  2.48 0.98
   51 L    -1  -6  -7  -7   4  -5  -6  -5  -7   5   2  -6   5  -4  -6  -4  -4  -6  -5   3    5   0   0   0   7   0   0   1   0  35  18   0  12   0   0   1   0   0   0  21  1.17 0.51
   52 K    -6  -3  -6  -6  -9  -4  -5  -7  -6  -8  -8   8  -4  -9  -7  -6  -6  -8  -7  -8    0   0   0   0   0   0   0   0   0   0   0  99   0   0   0   0   0   0   0   0  3.10 1.13
   53 M    -2  -2  -4  -5   0   0  -1  -5  -2   4  -2   2   2   0  -4   0  -1  -5  -2   3    3   2   0   0   2   4   4   0   1  28   1  14   6   3   0   6   3   0   1  20  0.52 0.33
   54 V    -5  -7  -7  -7  -4  -6  -6  -8  -7   6   3  -6   3   0  -7  -6  -4  -6  -5   3    0   0   0   0   0   0   0   0   0  49  25   0   7   3   0   0   0   0   0  15  1.48 0.59
   55 Y    -1   2   2   3  -4  -1   0  -3  -1  -4  -2   2  -3  -1   1   1  -2  -5  -2  -3    4  12  11  20   0   2   6   1   1   0   3  16   0   3   7   9   1   0   1   2  0.42 0.27
   56 N    -4   2  -1  -5  -6  -2  -3  -5  -3  -2   0   7   0  -4  -4  -4  -2  -6  -3  -2    1   9   2   0   0   1   1   1   0   3  11  60   2   1   1   1   2   0   1   3  1.24 0.57
   57 D     0   2   0   2  -3   1   2  -1  -2  -4  -3   3  -2  -3  -2   1   0  -2  -4  -3    9  12   3  11   0   5  13   4   1   1   2  17   1   1   1  12   4   0   0   1  0.32 0.22
   58 E    -1   2   1   1  -4   1   1  -2   2  -3  -2   4  -1  -2  -2   0  -1  -4  -1  -1    4  11   5   7   0   7   9   2   4   1   4  25   1   1   2   5   3   0   2   5  0.29 0.20
   59 L    -1  -2  -3  -4   0  -1  -2  -3  -3   3   3  -1   3   1  -2  -2  -1  -3  -1   2    5   3   1   1   2   3   2   1   0  19  27   4   6   6   2   2   3   0   1  12  0.35 0.19
   60 E    -1   1  -1   0  -2   0   1  -2  -2   2   0   1   0  -2   0   0   0  -3  -2   1    3   7   2   5   0   5  10   2   1  13   9  11   1   1   5   7   6   0   1  10  0.09 0.10
   61 D    -1   1   1   3  -1   0   1   0  -2  -3  -3   3  -3  -4  -3   1   1  -5  -4  -3    5   6   8  16   1   4   9   8   1   1   2  21   0   1   1   9   7   0   0   1  0.35 0.23
   62 K     0   2  -1   1  -3   1   2  -2   0  -3  -2   2  -1  -4   0   0  -1   1  -2  -2    7  13   2   8   0   6  16   3   2   1   5  15   2   0   5   8   3   2   1   2  0.26 0.19
   63 D    -1   0   1   2  -2   0   2   2   0  -1  -3   2  -1  -2  -2   0  -1  -4  -2  -2    3   4   8  10   1   3  13  18   3   4   2  15   1   2   1   5   3   0   1   3  0.23 0.16
   64 T    -1  -1  -1   3   1   1   1  -2   0   0   0   0   2  -2  -2   0   0   0  -2   1    6   3   3  17   3   9   7   3   3   4   9   4   6   1   1   5   4   2   0  11  0.12 0.12
   65 W     0   1  -1  -2  -1   0   1  -3  -2   1   0   0   1  -1   1  -1   0   0  -2   2    7  11   2   1   1   3   9   1   1  10   9   4   3   2   9   3   5   1   1  17  0.13 0.12
   66 K     0  -1  -1   1  -2   2   4  -2   1  -3  -3   2  -3  -4   0   1  -2  -5  -4  -3    7   3   3   6   1   8  30   2   3   2   2  14   1   1   4  10   1   0   0   2  0.46 0.29
   67 R    -1   2   1   1   1   3  -1  -3   4  -3  -2   1  -2  -1  -2   0   1  -2   0  -3    4  12   8  10   3  12   3   1  10   2   3   8   1   3   2   7   8   1   3   0  0.27 0.20
   68 L     1  -5  -5  -5  -1  -5  -5  -5  -5   3   2  -4   0  -1  -5  -3   2  -5  -4   4   11   0   0   0   1   0   0   0   0  18  20   0   2   3   0   1  13   0   0  29  0.73 0.37
   69 Q    -2   3  -1  -2  -3   0   1  -3  -1   1   0   2   3   1  -1  -2  -2   0   0  -1    2  18   3   2   0   4   9   1   1   8  11  14   8   5   3   1   2   1   4   3  0.24 0.20
   70 R    -2   6   2  -3  -2   1  -2  -3  -2  -2  -4   1   0  -5  -5   0   0  -4  -5  -2    3  45  11   1   1   6   1   1   1   2   1   6   2   0   0   6   6   0   0   3  0.88 0.46
   71 E    -7  -6  -6  -4 -10  -4   8  -8  -6  -9  -9  -5  -8  -9  -7  -6  -7  -9  -8  -8    0   0   0   0   0   0 100   0   0   0   0   0   0   0   0   0   0   0   0   0  3.14 1.19
   72 V    -2   1  -5  -7  -4  -4  -6  -6  -6   6  -2   1   0  -5  -5  -5  -4  -7  -5   3    4   8   0   0   0   0   0   0   0  51   2   9   2   0   0   0   0   0   0  21  1.27 0.57
   73 T     0   2   1   1   0   2   2  -3  -1  -2  -3   1  -1  -4  -4   2  -1  -5  -4  -2    8  11   5   9   2   9  15   1   1   2   2   9   2   0   0  17   3   0   0   3  0.31 0.24
   74 I    -3  -7  -2  -7  -3  -6  -7  -7  -5   6   3  -6   0  -3  -7  -4  -2  -6  -3   2    2   0   3   0   0   0   0   0   0  52  22   0   2   0   0   1   2   0   1  15  1.35 0.56
   75 L    -5  -6  -4  -7  -1   0  -6  -6   3  -2   5  -6   7  -2  -7  -5  -5  -6  -5  -3    1   0   1   0   2   4   0   0   8   1  57   0  24   1   0   0   0   0   0   1  1.58 0.68
   76 R     0   4  -1  -3  -2   2  -1  -4   1  -5  -3   5  -1  -6  -4   1  -2  -2  -2  -4    8  20   3   1   1   8   4   0   3   0   2  34   2   0   0   9   2   1   1   1  0.73 0.42
   77 Q    -1   2   1  -1  -4   2   1  -3   3  -2   0   2   2  -2  -4   0  -1  -5  -3  -3    4  11   7   2   0   9  10   1   9   2  12  12   6   1   0   8   3   0   0   1  0.27 0.22
   78 L    -1  -6  -6  -7   2  -5  -5  -6  -5   2   5  -5   2  -1  -5  -3  -2  -5  -1   2    5   0   0   0   4   0   1   0   0   9  53   0   5   2   0   2   2   0   2  15  0.95 0.45
   79 H    -3   3   3   2  -2   1  -1  -1   2  -5  -5   3  -3  -6  -4   1  -3  -5  -3  -5    0  17  13  11   1   7   4   5   5   0   0  20   1   0   1  13   1   0   1   0  0.60 0.36
   80 H    -6  -6   0  -5   0  -2  -5  -7  11  -9  -8  -4  -7  -3  -5  -1  -7  -8  -3  -9    1   0   5   1   2   2   0   0  81   0   0   1   0   1   1   5   0   0   0   0  3.29 1.13
   81 P    -3   0  -4  -2  -6  -1   1  -4  -2  -5  -8   0  -5  -8   8  -3  -4  -8  -7  -5    2   5   1   2   0   3   8   1   1   1   0   5   0   0  68   2   1   0   0   1  1.97 0.82
   82 N    -6  -4   7  -4  -3  -5  -5  -1   5  -7  -7  -5  -6   4  -7  -1  -5  -1   1  -7    0   0  55   0   1   0   0   4  13   0   0   0   0  17   0   4   0   1   4   0  1.84 0.77
   83 I    -5  -7  -8  -8  -5  -7  -8  -8  -8   7   1  -7  -2  -3  -7  -7  -5  -7  -6   4    0   0   0   0   0   0   0   0   0  61  12   0   0   1   0   0   0   0   0  25  1.92 0.73
   84 I    -4  -7  -6  -7   0  -7  -7  -8  -7   4   1  -7  -1  -4  -6  -5   0  -7  -6   6    1   0   0   0   2   0   0   0   0  25  10   0   1   0   0   0   5   0   0  56  1.54 0.64
   85 T    -1   4   1  -2  -2   3   1  -1   1  -5  -5   4  -4  -6  -4   0  -1  -5  -4  -5    5  22   7   1   1  14   9   4   3   0   1  22   0   0   0   6   4   0   0   0  0.64 0.38
   86 L    -5  -7  -8  -8  -2  -6  -7  -8  -6   1   6  -7   2   3  -7  -6  -4  -5   2  -2    0   0   0   0   1   0   0   0   0   7  68   0   5  11   0   0   1   0   6   2  1.51 0.63
   87 Y    -5   0  -4  -5  -6  -2  -2  -6   5   1   1   2  -2   3  -6  -4  -4  -2   6  -1    0   4   1   0   0   2   3   0  14   7  14  12   1  10   0   1   0   0  27   4  0.87 0.44
   88 Q    -2  -3   1   5   1   0   4   1   1  -6  -6  -3  -4  -1  -5  -1  -2  -3   1  -6    3   1   5  29   3   4  24  11   3   0   0   1   0   3   0   5   2   0   6   0  0.73 0.41
   89 V     1  -5  -5  -5   3  -5  -4  -5   0   1  -3  -5   0   1  -5   2   1   2   1   4   12   0   0   0   5   0   1   0   3   7   1   0   2   6   0  15   9   3   4  33  0.62 0.38
   90 F    -5  -4  -7  -6   0  -4  -4  -7  -2   3   0  -6   2   7  -7  -5  -4   1   5   0    1   1   0   0   2   1   1   0   1  15   8   0   5  41   0   0   1   2  16   6  1.31 0.55
   91 R    -1   0  -2   0  -4   4   5  -5   3  -4  -2   0  -2  -2  -3  -1  -3  -1  -1  -3    5   4   2   4   0  17  36   0   7   1   4   5   1   2   1   3   1   1   2   2  0.67 0.41
   92 V    -2  -2   1   4  -3  -2   0  -4  -2  -4  -5  -1  -4  -6  -2   1   5  -7  -5  -2    2   2   5  27   0   2   6   0   1   1   0   3   0   0   2  11  34   0   0   3  0.86 0.48
   93 P     0   0   1   2  -5   0   2  -1  -1  -5  -5   3  -2  -5   3   0  -1  -6  -5  -4    6   5   7  11   0   3  15   4   1   0   0  19   1   0  15   8   4   0   0   1  0.48 0.31
   94 K    -2   0   2   3  -5   0   1   0   1  -5  -4   2  -4  -5  -4   1   2  -6  -3  -4    2   5  11  18   0   4   8   6   3   0   2  13   0   0   0  12  14   0   1   1  0.46 0.31
   95 Y    -2   3   2   0   0   0   0  -3   4  -4  -5   3  -1   0  -5   0  -2  -3   3  -5    2  15   9   6   2   3   6   2   9   1   0  22   1   3   0   6   2   0   9   0  0.49 0.31
   96 T    -4  -5  -7  -7  -4  -4  -6  -6  -2   4   4  -6   1   2  -6  -5  -4  -2   0   4    0   0   0   0   0   1   0   0   1  19  40   0   3   7   0   0   1   1   2  24  1.02 0.46
   97 V    -4  -7  -2  -7   2  -6  -7  -5   4  -3  -3  -7  -3   3  -8  -5  -2   3   8  -3    2   0   3   0   4   0   0   1   8   2   2   0   1  12   0   1   2   4  56   2  1.93 0.77
   98 L    -5  -7  -7  -8  -6  -6  -7  -8  -7   4   4  -7   5   3  -7  -6  -5  -5  -3   0    0   0   0   0   0   0   0   0   0  24  44   0  13  12   0   0   0   0   0   6  1.38 0.58
   99 A    -2  -7  -8  -8  -3  -7  -7  -6  -8   4  -1  -7  -3   0  -7  -6  -4  -7  -3   7    3   0   0   0   0   0   0   0   0  18   5   0   0   4   0   0   1   0   1  68  1.76 0.71
  100 L    -6  -7  -7  -8  -6  -5  -6  -8  -7  -2   4  -7   9   4  -7  -5  -1  -6  -2  -3    0   0   0   0   0   0   0   0   0   1  32   0  44  14   0   1   5   0   1   1  1.86 0.76
  101 E    -5  -6  -6   1  -9  -1   8  -7  -6  -9  -9  -5  -8  -9  -6  -4  -6  -9  -8  -8    0   0   0   8   0   2  88   0   0   0   0   0   0   0   0   1   0   0   0   0  2.60 1.03
  102 Y    -5  -4  -6  -8  -1  -6  -7  -8   0  -4   3  -3  -1   4  -8  -5  -6  -2   8  -4    1   1   0   0   2   0   0   0   2   1  28   2   1  15   0   0   0   0  47   1  1.75 0.72
  103 M     2  -6  -7  -7   7  -6  -6  -6  -7   1   1  -6   4  -5  -2  -5  -4  -6  -6   4   19   0   0   0  26   0   0   0   0   6  11   0  10   0   2   0   0   0   0  25  1.23 0.55
  104 D    -3  -2   1   2  -3  -2   1   6  -1  -5  -7  -3  -6  -7  -3   0  -3  -7  -6  -5    1   2   6  11   1   2  10  55   1   1   0   1   0   0   1   6   1   0   0   1  1.12 0.53
  105 T    -5  -3  -3  -6  -2   0  -6   7  -1  -6  -5  -3  -2  -7  -7  -5  -2  -4  -6  -7    0   2   1   0   1   4   0  81   2   0   2   2   1   0   0   0   3   0   0   0  2.00 0.79
  106 D    -5  -5  -2   5  -8  -2   6   1  -5  -8  -8  -3  -7  -8  -6   0  -3  -8  -7  -7    0   0   1  29   0   1  49  10   0   0   0   1   0   0   0   8   1   0   0   0  1.51 0.69
  107 L    -4  -6  -6  -2  -1  -6  -5  -8  -7   0   6  -7   2  -2  -5  -2  -5  -6  -5   0    1   0   0   2   1   0   1   0   0   4  74   0   5   1   0   3   0   0   0   6  1.47 0.63
  108 H    -2  -5  -4  -6  -2  -2  -5  -6   2  -3   1   0   3   7  -6  -1  -4  -1   3  -4    3   0   1   0   1   2   1   0   5   0  15   7   7  44   0   4   0   1   8   1  1.15 0.52
  109 S    -2   0   0   5  -5   1   1  -3   0  -5  -4   1   0   0  -4   0   0  -2   1  -4    3   5   3  34   0   6   9   2   3   0   1   9   2   4   0   7   6   0   4   1  0.55 0.33
  110 M    -3   3  -2  -1  -3   0  -1  -5   5   0   0   1   0   1  -5  -3  -4   2   4  -2    2  18   1   4   1   3   4   0  13   6   9   7   2   6   0   1   0   3  17   2  0.53 0.32
  111 V    -4  -6  -6  -7  -3  -6  -7  -8   0   7   3  -6   3  -3  -7  -5  -4  -6  -5   0    1   0   0   0   1   0   0   0   2  53  30   0   7   0   0   1   0   0   0   4  1.55 0.62
  112 V    -2   2  -1   0   1   2   0  -3  -1   1   0   2   0  -3  -2  -1   0  -3  -2   2    2  10   2   6   3  12   5   1   2   7   8  13   2   0   1   4   5   0   1  15  0.18 0.17
  113 K     1   2   1   1  -1   2   2  -2   0  -5  -4   3  -2  -5  -1   1   0  -5  -4  -3   11  13   7   7   1   7  11   2   2   0   1  17   1   0   3  12   5   0   0   1  0.38 0.26
  114 H    -1   4   2   0   0   1   1  -3   2  -2  -3   2  -2  -1  -2   0  -3  -5  -1  -2    6  22   9   5   3   6   8   2   6   2   2  15   1   3   1   5   0   0   2   2  0.35 0.24
  115 N    -3   1   0  -2  -5   0  -1   6  -1  -4  -6   2  -5  -6  -2  -2  -2  -6  -3  -3    1   9   4   2   0   4   4  52   1   1   0  12   0   0   2   3   2   0   1   2  0.98 0.48
  116 R     0   4  -2  -3   1  -1  -2  -1   3  -2  -4   2  -1  -2   2   0   0  -5   1  -2    7  26   1   1   3   2   2   5   8   2   1  11   1   1   9   7   5   0   5   3  0.38 0.27
  117 L    -5  -7  -7  -8  -4  -7  -7  -8  -5   0   4  -7   3   6  -7  -7  -5  -4   4  -1    0   0   0   0   0   0   0   0   0   4  40   0   6  34   0   0   0   0  12   3  1.50 0.62
  118 D    -2  -2   1   2  -3  -1   0  -2  -1  -5  -4   0  -3  -5   3   3   3  -6  -4  -4    1   2   6  11   0   2   5   3   1   0   2   6   1   0  14  27  19   0   0   1  0.60 0.39
  119 E    -4  -5  -3  -1  -8  -2   7  -6  -5  -4  -4  -4  -3  -6  -2  -3  -4  -8  -5  -3    1   0   1   3   0   1  81   0   0   1   2   0   1   0   3   2   1   0   0   2  2.03 0.87
  120 C    -1   2   0   3  -2   1   1  -2   1  -3  -4   1  -2  -3   2   0  -1  -5  -2  -2    6  12   4  19   1   6   9   3   3   2   1   9   1   1  10   8   4   0   1   3  0.30 0.22
  121 T    -1   1  -2   2  -1   2   4  -5   2  -2   0  -1   1  -3  -4  -3   1   0  -3   0    4   8   1  14   2   7  26   0   5   1   8   2   3   1   0   0   7   1   1   7  0.38 0.29
  122 T     5  -6  -6  -6   2  -5  -5  -3  -6   1  -4  -4  -5  -6  -5   0   1  -7  -6   2   56   0   0   0   4   0   0   2   0   8   1   0   0   0   0   6   9   0   0  14  1.14 0.58
  123 R     2   6  -4  -5   0   2  -4  -4  -1  -3  -4   3  -4  -6  -5   0  -2  -2  -5  -2   16  38   0   0   2   8   0   1   1   2   2  15   0   0   0   8   2   1   0   3  0.87 0.47
  124 K    -1   2   0  -2  -1  -1  -1  -2   2  -2  -1   1  -1   4  -3   0   0  -2   2  -1    5  12   5   1   1   1   3   2   5   2   4  11   1  20   1   8   6   0   7   3  0.28 0.22
  125 I    -5  -6  -7  -7  -1  -6  -7  -7  -4   3   1  -3   0   5  -7  -6  -3   2   7   1    1   0   0   0   1   0   0   0   0  14  11   2   2  20   0   0   1   2  38   8  1.42 0.60
  126 F     1  -6  -6  -6   1  -4  -6  -3  -5   2   2  -5   4   5  -6  -3   1  -4  -3   0   12   0   0   0   2   0   0   2   0  12  17   0  12  28   0   2   7   0   0   6  0.80 0.41
  127 R     2   4  -3  -5  -2   3  -2  -2   1  -3  -3   2  -2   0  -5  -1  -2   2   2  -2   19  23   1   0   1  13   1   2   3   1   3  11   1   3   0   3   2   3   8   3  0.51 0.34
  128 Q    -4  -4  -4  -1  -1   8   3  -6  -2  -5  -7  -4  -1  -8  -5  -2  -2  -7  -7  -5    1   0   1   4   1  64  19   0   1   1   0   0   1   0   0   3   3   0   0   1  1.94 0.87
  129 I    -5  -7  -7  -7  -3  -7  -7  -8  -7   6   4  -7   1  -4  -7  -6  -1  -6  -5   3    0   0   0   0   1   0   0   0   0  44  31   0   3   0   0   0   4   0   0  17  1.44 0.59
  130 V     1  -5  -6  -6   2  -5  -6  -4  -6   3   4  -5   0  -2  -6  -2  -1  -6  -5   3   12   0   0   0   5   0   0   1   0  15  35   0   2   1   0   3   3   0   0  23  0.80 0.40
  131 H     0   0   1   1   2   1   2  -1  -1  -2   1   0  -1  -4  -4   3  -1  -5  -4  -2    5   4   5   7   4   5  12   3   1   2  13   6   1   0   0  24   3   0   0   2  0.24 0.22
  132 A     5  -6  -6  -6  -4  -6  -6   5  -6  -4  -6  -6  -6  -7  -6  -2  -3  -7  -7   0   53   0   0   0   0   0   0  37   0   1   0   0   0   0   0   2   1   0   0   7  1.55 0.70
  133 I    -4  -7  -7  -8  -2  -6  -7  -8  -7   3   5  -7   2  -2  -7  -6  -4  -6  -5   5    1   0   0   0   1   0   0   0   0  14  47   0   4   1   0   0   0   0   0  33  1.37 0.58
  134 D     1   0   1   2  -2   2   3  -1   1  -3  -2   1  -1  -3  -4   0  -2  -5  -2  -2   12   6   6  11   1   8  19   3   4   1   5  10   1   1   0   7   1   0   1   2  0.28 0.22
  135 Y    -2  -7  -4  -8  -6  -6  -4  -7   4  -4  -5  -7  -3   4  -8  -5  -5  -4   9  -4    3   0   1   0   0   0   1   0  10   1   1   0   1  17   0   1   1   0  63   1  2.40 0.91
  136 C    -5  -7  -8  -8   9  -7  -8  -8  -8   0   5  -7   2  -2  -8  -6  -6  -7  -6  -3    0   0   0   0  36   0   0   0   0   5  51   0   5   1   0   0   0   0   0   1  2.05 0.78
  137 H    -8  -3  -5  -7  -9  -5  -6  -8  11 -10  -9  -6  -8  -8  -9  -7  -8  -9  -4  -7    0   1   0   0   0   0   0   0  97   0   0   0   0   0   0   0   0   0   0   0  4.37 1.39
  138 L     0   0   2   1  -2   1   1  -1  -2  -4  -3   0  -4  -1  -4   4  -1  -6  -1  -4    5   6   8   6   1   6   8   5   1   1   3   6   0   2   0  38   2   0   2   0  0.50 0.36
  139 H    -2   3   3  -4   1   2  -2  -5   5  -3   1   3   3  -3  -5  -4  -4  -6  -2  -4    3  14  13   0   3  11   1   0  14   2  13  16   7   1   0   0   0   0   1   0  0.65 0.40
  140 R    -4   2   4   0  -3   0  -3   5   1  -7  -6   1  -1  -5  -6  -2  -5  -1  -3  -7    0  11  17   5   0   4   1  44   3   0   0   8   2   0   0   3   0   1   1   0  0.99 0.49
  141 V    -5  -7  -8  -8  -2  -7  -7  -8  -8   7  -1  -3  -4  -2  -7  -7  -4  -7  -2   5    0   0   0   0   1   0   0   0   0  51   3   2   0   1   0   0   1   0   1  40  1.81 0.71
  142 A    -1  -5  -6  -7   2  -6  -6  -7  -6   5   1  -6   3  -1  -6  -3  -2  -6   0   4    5   0   0   0   4   0   0   0   0  29  14   0   6   2   0   2   2   0   3  33  0.99 0.46
  143 H    -8  -6  -6  -7  -9  -6  -6  -8  11  -9  -7  -7  -8  -6  -8  -7  -8  -7   4  -9    0   0   0   0   0   0   0   0  85   0   0   0   0   0   0   0   0   0  14   0  3.93 1.29
  144 R    -7   9  -6  -7  -2  -4  -6  -6  -6  -9  -4  -2  -7  -6  -8  -6  -7  -8  -7  -8    0  94   0   0   1   0   0   1   0   0   2   2   0   0   0   0   0   0   0   0  3.03 1.10
  145 D    -8  -7  -2   9  -9  -6  -4  -7  -7  -9 -10  -7  -9  -9  -7  -6  -7 -10  -9  -9    0   0   1  99   0   0   0   0   0   0   0   0   0   0   0   0   0   0   0   0  3.34 1.17
  146 L    -6  -7  -8  -8  -6  -7  -8  -8  -8   4   6  -7   1  -4  -8  -7  -6  -7  -6  -1    0   0   0   0   0   0   0   0   0  24  70   0   2   0   0   0   0   0   0   4  1.83 0.72
  147 K    -6  -3  -6  -6  -9  -4  -5  -7  -6  -8  -8   8  -7  -9  -7  -4  -3  -9  -8  -8    0   0   0   0   0   0   0   0   0   0   0  97   0   0   0   1   1   0   0   0  3.01 1.12
  148 L    -2  -7  -7  -2   1  -6  -6  -3  -5  -3   2  -6  -4  -7   8  -3  -5  -8  -7  -6    4   0   0   2   3   0   0   3   0   1  17   0   0   0  67   2   0   0   0   0  1.99 0.82
  149 E    -1  -5  -3   2  -8   3   6  -1  -3  -8  -7  -3  -6  -8  -6   0  -4  -7  -7  -7    4   0   1  11   0  11  59   5   1   0   0   1   0   0   0   6   0   0   0   0  1.49 0.70
  150 N    -7  -6   9  -5  -4  -6  -6  -6  -5  -9  -9  -6  -8  -9  -8  -4  -6 -10  -8  -9    0   0  98   0   1   0   0   0   0   0   0   0   0   0   0   1   0   0   0   0  3.49 1.23
  151 I    -5  -7  -7  -8  -2  -7  -7  -8  -7   5   5  -7  -1   2  -7  -6  -3  -6  -5   1    0   0   0   0   1   0   0   0   0  34  45   0   1   8   0   0   2   0   0   9  1.38 0.57
  152 L    -6  -7  -8  -7  -6  -7  -8  -9  -8  -2   7  -7   3   1  -8  -7  -6  -6  -4  -2    0   0   0   0   0   0   0   0   0   1  87   0   5   4   0   0   0   0   0   2  2.10 0.82
  153 L    -5  -5  -7  -7  -2  -6  -7  -8  -6   3   5  -6  -1   2  -7  -6  -3  -5   1   2    0   1   0   0   1   0   0   0   0  16  57   0   1   7   0   0   1   0   6  11  1.26 0.55
  154 N    -2  -5   3   6  -3  -4  -1  -1  -3  -7  -6  -2  -5  -7  -5   1   2  -7  -4  -6    3   0  12  49   0   0   3   5   1   0   0   3   0   0   0  11  12   0   1   0  1.21 0.58
  155 K     0   1   0   1  -2   0   3  -1   0  -3  -3   2  -3  -3  -1   2   0  -5  -2  -4    9   6   4   7   1   4  18   4   2   1   2  16   0   1   3  15   5   0   1   0  0.30 0.23
  156 D    -2   1   4   4  -6   1   2  -3   1  -5  -4   1  -2  -3  -3   0  -1  -4  -3  -5    2   6  21  21   0   7  14   2   4   0   1   7   1   1   1   7   3   0   1   0  0.60 0.35
  157 L    -1  -4  -1  -2   1  -3  -2   5  -4  -4  -3  -3   3  -1  -1   1  -3  -6  -3  -5    6   1   3   2   4   1   3  50   0   1   3   1   8   2   3  11   1   0   1   0  0.88 0.45
  158 V    -2   1   4   1  -1   0   1  -3   6  -3  -2   0  -2  -3   0  -1   0  -5   0  -1    3   6  19   7   1   4   7   1  19   1   3   5   1   1   4   4   5   0   3   5  0.47 0.30
  159 V    -3  -7  -7  -8  -2  -7  -7  -8  -7   5   4  -7  -2  -4  -7  -6  -3  -6  -5   4    2   0   0   0   1   0   0   0   0  36  35   0   0   0   0   0   1   0   0  25  1.41 0.59
  160 K    -4  -1  -6  -6  -4  -2  -5  -7  -6  -5  -6   8  -1  -8  -7  -6  -6  -8  -7  -2    1   2   0   0   0   1   0   0   0   1   1  88   2   0   0   0   0   0   0   4  2.49 0.98
  161 L    -1  -7  -6  -8  -5  -7  -7  -8  -7   6   4  -7  -2  -4  -7  -6  -4  -6  -5   1    5   0   0   0   0   0   0   0   0  43  42   0   1   0   0   0   0   0   0   9  1.49 0.61
  162 T     4  -5  -5  -5   4  -5  -5   1  -6   2  -5  -5  -3  -6  -5   2   3  -6  -6  -2   33   0   0   0   9   0   0   9   0  14   0   0   0   0   0  12  20   0   0   3  0.88 0.49
  163 D    -8  -7  -4   9  -9  -6  -3  -6  -7  -9 -10  -6  -9  -9  -7  -6  -7 -10  -9  -9    0   0   0  98   0   0   1   1   0   0   0   0   0   0   0   0   0   0   0   0  3.31 1.16
  164 F    -8  -9  -9 -10  -8  -9  -9  -9  -7  -6  -3  -9  -6  10 -10  -8  -8  -5  -1  -7    0   0   0   0   0   0   0   0   0   0   2   0   0  97   0   0   0   0   1   0  3.63 1.19
  165 G    -5  -8  -6  -4  -8  -5  -8   8  -3  -9  -9  -7  -8  -9  -8  -4  -7  -8  -9  -9    0   0   0   1   0   0   0  97   1   0   0   0   0   0   0   1   0   0   0   0  2.88 1.03
  166 L    -3  -6  -7  -7  -3  -5  -6  -7  -5  -2   5  -6   3   4  -6  -3  -2   3   0   1    1   0   0   0   1   0   0   0   0   1  56   0   6  17   0   2   2   3   2   8  1.21 0.53
  167 S     5  -6  -5  -5   5  -5  -5  -2  -6  -6  -7  -5  -6  -7  -6   5  -3  -7  -7  -4   47   0   0   0  10   0   0   3   0   0   0   0   0   0   0  38   1   0   0   1  1.55 0.73
  168 N     0   4   1  -2  -1   0  -1  -1  -2  -2  -5   4  -1  -5  -4  -1   1  -6  -4   0    8  20   7   2   1   3   2   4   1   3   0  30   1   0   0   3   8   0   0   6  0.54 0.34
  169 F    -1   0  -3  -3  -3   2   2  -4   0   1   0   0   0   3  -3  -1  -1  -1   0   1    4   5   1   0   0  11  13   0   3   9   8   6   2  16   1   3   3   1   3  10  0.23 0.20
  170 M    -1  -3  -2  -3   1  -1  -1   0   0   2   2  -3   3   2  -2  -1   0  -3   0   1    3   1   2   1   3   2   3   7   2  11  21   1   8  11   1   5   5   0   4   9  0.20 0.16
  171 L    -1   1   0   0  -3   0   1   0   0   0  -1   2  -1  -2   0   1   1   0  -1   0    4   7   3   3   0   5   7   7   2   8   5  14   2   1   4   9  10   1   2   5  0.07 0.09
  172 D    -2  -2   0   3  -5  -1   2  -1   0  -5  -3   1  -3  -2   5   0  -1  -5  -1  -4    2   2   5  14   0   2  14   5   2   0   3   7   1   2  28   7   3   0   3   0  0.59 0.34
  173 G    -2  -1   2   3  -5  -2   0   4   1  -4  -3  -2  -2  -3  -3   1   0  -3  -5  -1    2   3  10  17   0   1   5  30   4   1   2   2   1   1   1   8   6   0   0   4  0.50 0.30
  174 S    -1   1   1   2  -4   2   2   1   0  -3  -3   0  -2  -4  -1   1   1  -5  -3  -3    4   8   5  14   0   8  15   9   2   1   2   6   1   0   3  12   7   0   0   2  0.29 0.21
  175 F    -2   2  -2  -3  -1   0  -1  -3  -1  -1   1   2   1   1  -1  -2   1   0  -1   0    2  12   2   1   2   3   2   1   1   2  18  15   4   7   3   1  11   2   1   8  0.19 0.18
  176 L     0   1  -4  -4   0  -3  -3  -5   1  -1   3  -2   3   2  -1  -2   1  -2   3  -1    8   9   0   0   2   0   2   0   3   2  27   3   8   8   3   3  11   0   9   2  0.34 0.26
  177 S    -2   2   2  -1  -2   0   0  -4   3  -4  -4   3  -1  -3  -4   2   3   0   0  -3    2  11   9   2   1   4   4   1   7   1   1  18   2   1   0  13  17   1   4   1  0.43 0.30
  178 T    -3  -2  -1   2  -4  -4   0  -3   2  -5  -4  -2  -4  -6  -5   2   6  -7  -6  -3    1   2   2   9   0   0   6   2   5   0   1   2   0   0   0  14  52   0   0   2  1.12 0.59
  179 S    -1  -2  -3  -4  -1  -2   0  -5  -3   1   1  -3   3   5  -1   0   0   0   1   1    4   2   1   0   1   2   6   0   0   7  12   1   7  25   4   6   6   1   5  10  0.37 0.25
  180 C    -2  -5  -6  -4  10  -3  -6  -7  -8  -2  -5  -3  -3  -2  -5  -6  -5  -7  -5   4    4   1   0   1  54   1   0   0   0   2   0   2   1   2   1   0   0   0   0  30  2.29 0.84
  181 G    -3  -8  -6  -7  -8  -7  -6   7  -7  -6  -8  -7  -7  -4  -7  -5  -7  -8  -3   1    2   0   0   0   0   0   0  87   0   0   0   0   0   1   0   0   0   0   1   9  2.39 0.90
  182 T    -4  -6  -4  -6  -6  -6  -6  -7  -7  -5  -7  -6  -6  -8  -6   4   7  -8  -7  -6    1   0   0   0   0   0   0   0   0   0   0   0   0   0   0  25  73   0   0   0  2.27 0.97
  183 P     0   0  -7  -6  -7  -6  -5  -7  -7  -2   1  -5  -3  -3   8  -6  -3  -8  -3  -4    7   6   0   0   0   0   1   0   0   2  13   0   1   1  65   0   2   0   1   1  1.86 0.79
  184 H     1  -4   2   1  -2  -2   3  -2   0  -4  -2  -3  -2  -1   0  -2  -2   6   4  -2   12   0   9   8   1   1  18   3   2   0   4   1   1   2   4   1   2  11  16   3  0.52 0.34
  185 Y    -8  -8  -8  -9  -4  -7  -8  -9  -4  -7  -7  -8  -7   3  -9  -8  -8   5  10  -7    0   0   0   0   0   0   0   0   0   0   0   0   0  10   0   0   0   6  83   0  3.40 1.18
  186 A     1   2  -5  -6   0  -2  -5  -5  -5   3   2  -4   6  -2  -5  -2  -2  -5  -5   3   12  11   0   0   2   2   0   0   0  14  16   0  19   1   0   3   2   0   0  19  0.69 0.39
  187 A     7  -6  -6  -7   0  -6  -6  -5  -7  -7  -7  -6  -6  -7   2   1  -4  -8  -7  -5   79   0   0   0   2   0   0   0   0   0   0   0   0   0   9  10   0   0   0   0  1.95 0.85
  188 P    -6  -8  -8  -8  -9  -7  -7  -8  -8  -9  -9  -7  -9 -10   9  -7  -7 -10  -9  -9    0   0   0   0   0   0   0   0   0   0   0   0   0   0 100   0   0   0   0   0  3.71 1.30
  189 E    -7  -6  -6  -1 -10  -2   8  -7  -6  -9  -9  -5  -8  -9  -7  -6  -7  -9  -8  -8    0   0   0   2   0   1  97   0   0   0   0   0   0   0   0   0   0   0   0   0  2.96 1.13
  190 V    -4  -6  -7  -8  -2  -6  -7  -8  -7   4   2  -6   2  -5  -7  -5  -5   1  -5   6    1   0   0   0   1   0   0   0   0  25  16   0   4   0   0   1   0   2   0  51  1.46 0.61
  191 I    -3  -6  -7  -7  -1  -6  -7  -7  -7   4   5  -6  -1   0  -7  -6  -4  -3  -5   2    2   0   0   0   1   0   0   0   0  25  54   0   1   3   0   0   1   0   0  13  1.33 0.56
  192 Q    -1   2   2  -2  -2   2   1  -2   0  -3   2   1   1  -2  -4   1   0  -4  -3  -2    6  10   9   1   1   8   8   3   2   0  21   7   4   2   0  11   5   0   1   2  0.20 0.20
  193 G    -2   3   2   0  -1   0   0   4  -1  -5  -4   0  -3  -5  -3   0  -2  -3   1  -5    2  19   8   5   1   4   7  30   1   0   2   6   0   0   1   6   2   0   5   0  0.52 0.32
  194 R    -2   2   1   0   1   3   1  -3   1  -1  -2   3  -2  -5  -3   1  -1  -4  -4  -3    3  11   5   5   3  12   8   1   4   4   3  21   1   0   0  13   4   0   0   1  0.39 0.27
  195 Y    -1   0  -1  -1  -4   0   0   3  -1  -3  -2   1  -2  -4   3   0   0  -4  -2  -3    5   6   2   3   0   3   6  22   1   1   3  10   1   1  18   8   6   0   1   1  0.35 0.22
  196 Y    -3  -2  -3  -3  -5  -1  -3  -2   5  -3  -4  -2  -5   1  -5  -3  -3  -3   8  -3    2   2   1   2   0   2   2   4  13   1   1   3   0   5   0   2   1   0  56   2  1.73 0.66
  197 D    -1  -2   2   4   0  -2  -1  -3   2  -2  -2  -3  -3  -2  -3  -1   0  -2   5  -2    5   2   9  26   2   2   2   2   5   3   3   1   0   1   1   5   5   0  23   3  0.61 0.29
  198 G    -1  -3  -1  -2  -3  -3  -2   6  -1  -4  -4  -3  -2  -4  -2   2   0  -4  -4  -4    5   2   3   3   1   1   3  52   1   1   1   1   1   1   2  17   5   0   1   1  0.94 0.40
  199 C     1   2  -3  -3   0  -1  -1  -3  -2  -3  -1   3  -1   1   3  -1   2  -4  -1  -3   10  11   1   1   2   3   2   1   1   1   5  22   1   7  13   3  12   0   2   1  0.35 0.25
  200 D     2  -2  -3  -3  -3  -1   3  -2  -3  -4  -4   3  -2  -5   2   2  -2  -5  -4  -2   20   2   1   0   0   2  19   3   0   1   1  20   1   0  11  14   1   0   0   2  0.54 0.35
  201 V     3  -6  -5  -6   3  -5  -6  -5  -6   2  -2  -6  -4  -5  -6   1  -2  -7  -3   5   25   0   0   0   5   0   0   1   0   9   2   0   0   0   0   9   2   0   1  46  1.08 0.54
  202 D    -5  -7  -4   9  -9  -6  -4  -7  -7  -9  -9  -6  -9  -9  -7  -6  -4 -10  -9  -9    1   0   0  97   0   0   0   0   0   0   0   0   0   0   0   0   1   0   0   0  3.24 1.14
  203 V    -4  -7  -6  -7   0  -6  -7  -7  -7   5   1  -6   4  -2  -7  -5  -3   7  -3   4    1   0   0   0   2   0   0   0   0  29  11   0  11   1   0   0   1  15   1  27  1.35 0.57
  204 W    -9  -9 -10 -11  -9  -9 -10  -9  -9  -9  -8 -10  -8  -4 -10 -10  -9  13  -4 -10    0   0   0   0   0   0   0   0   0   0   0   0   0   0   0   0   0  99   0   0  5.53 1.66
  205 G     3  -6  -4  -6   0  -5  -5  -1  -6  -7  -7  -5  -6  -7  -6   7  -2  -8  -7  -6   19   0   0   0   2   0   0   4   0   0   0   0   0   0   0  72   2   0   0   0  1.84 0.85
  206 C     1  -6  -6  -7   5  -6  -6  -6  -6   2   4  -6   2   1  -6  -4  -3  -5  -2   2   10   0   0   0  14   0   0   0   0  13  37   0   5   5   0   1   1   0   1  14  0.91 0.43
  207 G    -4  -8  -6  -7  -8  -7  -8   8  -8  -9  -9  -7  -8  -9  -8  -6  -7  -8  -9  -9    1   0   0   0   0   0   0  99   0   0   0   0   0   0   0   0   0   0   0   0  3.00 1.06
  208 I    -2  -7  -8  -8   7  -7  -7  -8  -8   3  -4  -7  -4  -6  -7  -5  -2  -7  -6   6    3   0   0   0  22   0   0   0   0  16   0   0   0   0   0   1   2   0   0  57  1.90 0.75
  209 L    -5  -7  -5  -7  -2  -6  -7  -7  -7   6   3  -6   2  -3  -7  -5   1  -6  -5   2    0   0   0   0   1   0   0   0   0  48  23   0   5   1   0   0  10   0   0  12  1.33 0.57
  210 L    -2  -6  -6  -7   0  -6  -6  -7  -5   2   5  -6   4   2  -6  -3   0  -5  -4   0    4   0   0   0   2   0   0   0   0   9  52   0  11  10   0   1   6   0   0   5  1.06 0.49
  211 Y     0  -7  -7  -8  -7  -7  -7  -4  -3   0  -5  -7  -2   4  -8  -6  -4  -4   9  -5    7   0   0   0   0   0   0   2   0   6   1   0   1  13   0   0   1   0  68   0  2.43 0.92
  212 L     0  -5  -2  -1   0   0   5  -6  -5   3  -3  -4  -1  -1  -5  -3   1  -6  -3   1    7   0   2   3   2   4  40   0   0  18   1   0   1   2   0   0   7   0   1  11  0.78 0.46
  213 M    -5  -7  -8  -8  -1  -6  -7  -8  -7   0   5  -7   8   1  -8  -4  -5  -6  -5  -3    0   0   0   0   1   0   0   0   0   4  47   0  39   5   0   1   0   0   0   1  1.90 0.77
  214 L     0  -6  -5  -7   0  -6  -7  -7  -7   0   5  -6   3  -3  -7  -5  -2  -6  -5   2    7   0   1   0   2   0   0   0   0   5  63   0   5   1   0   0   2   0   0  15  1.27 0.57
  215 V     1  -3  -1  -3   6  -4  -2  -4  -3  -1  -2  -3  -1  -1  -5   1   3  -5  -2   2   14   1   3   1  19   0   3   1   0   3   3   1   1   3   0  12  18   0   1  15  0.62 0.37
  216 G    -3  -1  -4  -6  -3  -3  -5   7  -3  -8  -5  -3  -5  -8  -7  -5  -6  -8  -8  -8    1   4   1   0   1   1   1  87   1   0   1   1   0   0   0   0   0   0   0   0  2.32 0.87
  217 E    -1   2   0  -1   1   1   0  -4   0  -3  -2   3  -2   0  -4   0   0  -2   3  -1    4  11   3   2   3   7   7   1   2   1   4  19   0   5   0   6   7   0  12   6  0.27 0.22
  218 F    -2  -3  -6  -6  -2  -5  -4  -6  -3  -1   2  -5   0  -2   7   0  -1  -7   0  -1    3   2   0   0   1   0   1   0   1   3  18   0   2   2  50   8   3   0   4   4  1.27 0.60
  219 P    -4  -8  -8  -7  -8  -7  -7  -8  -8  -6   0  -7  -5  -6   9  -7  -7  -9  -6  -6    1   0   0   0   0   0   0   0   0   0  10   0   0   0  88   0   0   0   0   0  3.01 1.12
  220 F    -8  -8  -5  -9  -8  -9  -9  -9  -4  -5  -4  -9  -6   9  -9  -6  -8   3   2  -6    0   0   1   0   0   0   0   0   0   0   1   0   0  89   0   0   0   3   5   0  3.26 1.09
  221 E    -2   0  -1   3  -4   0   2  -4   1  -4  -2  -1  -3   0   2  -1  -2   5   3  -2    2   4   3  17   0   4  15   1   3   1   3   4   0   4  11   4   2   7  12   3  0.43 0.29
  222 D     2  -3   0   4  -5  -1   0   4   0  -6  -6  -3  -5  -6  -4   0   0  -6  -6  -5   16   1   4  23   0   2   6  31   2   0   0   1   0   0   0   7   6   0   0   0  0.78 0.42
  223 V    -1   1   1   4  -4   0   3  -3  -1  -3  -3   0  -2  -2  -1   1  -1  -5  -3  -3    4   7   7  23   0   4  21   2   2   1   2   6   1   2   3   9   4   0   1   1  0.45 0.29
  224 T    -2  -3   5   3   0  -1  -1  -2   2  -5  -6  -3  -3  -4  -3   3   3  -6  -4  -3    2   1  26  16   2   3   3   2   4   0   0   1   0   1   1  19  16   0   0   1  0.75 0.43
  225 I    -2  -1  -1   1  -2   1   3  -2   2   1   0  -1   0  -1   2  -2  -1  -2  -1   1    1   2   2   6   1   8  20   2   5   9  11   3   2   2  10   1   3   0   2  10  0.21 0.19
  226 S     0   0   0   0  -3   2   1  -3   0   1  -1   1   2  -1   1   0  -1  -2   0   0    7   5   4   6   0   9  10   1   2   8   4  10   8   2   6   6   2   0   3   6  0.11 0.13
  227 N    -1   1   1   3  -3   1   3   0   0  -3  -2   2  -2  -4  -2  -1  -1  -5  -2  -2    6   6   6  14   0   6  23   8   2   1   3  11   1   0   2   4   3   0   1   3  0.32 0.22
  228 V    -1  -5  -5  -5  -4   2  -2  -5  -5   3   4  -4   4  -3  -5  -3   3  -5  -3  -1    5   0   0   0   0   9   3   0   0  16  34   0  10   0   0   1  17   0   0   4  0.71 0.40
  229 L    -3  -2  -4  -5  -1  -3  -4  -6   0   1   2  -2   2   5  -5  -3  -4  -3   5  -2    1   2   1   1   1   1   1   0   2   8  21   3   4  26   0   2   0   0  23   2  0.93 0.43
  230 S    -2   3   1   1  -5   2   2  -3   0  -4  -2   2  -2   2  -4  -1  -1   0  -1  -4    3  15   7   9   0  10  15   2   2   0   4  13   1   9   0   5   3   1   2   1  0.37 0.26
  231 R     0   3   1  -4  -1   2   0  -4  -1  -3   0   5   1  -3  -5  -1  -3  -3  -3  -4    7  15   6   0   1   8   4   1   1   1   9  34   3   1   0   5   0   0   1   0  0.61 0.37
  232 V    -5  -8  -5  -8  -3  -3  -6  -8  -4   8  -3  -6  -2  -5  -8  -6  -4  -8  -5   2    0   0   1   0   1   1   1   0   0  81   0   0   1   0   0   0   1   0   0  12  2.32 0.85
  233 C    -2   0  -2  -4   1   0  -2  -2  -2   1   2   1   2   1  -3  -1   0  -1  -2   1    2   6   1   0   4   4   2   3   1   6  25  11   6   7   1   4   4   1   1  12  0.20 0.17
  234 K     0   3   2  -1  -4   2   1  -3   1  -5  -3   3   0  -4  -4   1  -1  -6  -4  -4    8  16  12   2   0   7   9   1   3   0   2  22   3   0   0  11   4   0   0   1  0.49 0.32
  235 G     1  -2   1   1   2  -1  -1   4   1  -3  -3  -2  -2  -5  -4  -1  -2  -5  -2   0   11   2   7   8   5   2   4  37   3   1   3   3   1   0   0   5   2   0   1   7  0.49 0.29
  236 I    -2   1   1   2  -3   1   2  -4   1  -1  -3   3  -1  -4   1  -1  -1  -4  -2   0    3   6   6  13   1   7  15   0   3   3   2  18   1   0   7   3   3   0   1   7  0.31 0.23
  237 Y    -4  -4  -3  -5  -3  -5  -5  -4  -3   2   2  -5  -2   3   2  -3  -1   0   6   1    1   1   1   0   1   0   0   1   0  11  16   0   0  13  11   1   3   1  26  11  0.81 0.42
  238 T    -2   1   1   2  -2   1   1  -3   0  -2  -2   1  -1  -3   1   2   1  -4  -1  -2    2   9   6  11   1   5  11   1   2   2   3  11   1   1   6  14   9   0   3   2  0.23 0.19
  239 I    -4  -4  -5  -5   1  -6  -4  -7  -5   3   1  -4   3   7  -4  -5  -4   1   4  -1    1   1   0   1   3   0   1   0   0  14  13   1   6  41   1   0   1   2  11   3  1.19 0.51
  240 P    -6  -3  -5  -1  -6  -5  -3  -7  -4  -8  -8  -3  -8  -5   8  -4  -5   6  -7  -7    0   1   0   4   0   0   1   0   0   0   0   2   0   1  77   2   1  10   0   0  2.66 1.01
  241 S    -1   1   0   2  -1   0   1  -2  -1  -3  -4   1  -3  -2   3   2   0  -5  -2  -2    4   9   4  11   1   3   9   2   2   1   0  10   0   2  16  18   4   0   1   2  0.35 0.25
  242 F    -4   0   2   1  -4  -2   0  -1   5  -4  -3   0  -3   2  -4   1  -1   6   3  -5    0   5   9   7   0   1   6   5  14   1   2   5   0   8   1  10   4  11  11   0  0.56 0.33
  243 V    -3  -4  -6  -5  -1  -4  -6  -7  -4   5   3  -4   2   2  -4  -5  -3   0   0   3    1   1   0   0   1   0   0   0   0  29  28   1   5   8   1   0   1   1   3  19  0.90 0.41
  244 S    -3  -5  -1   0  -6  -4  -3  -3  -1  -7  -6  -4  -6  -5   0   7   1  -7  -5  -6    1   0   3   6   0   0   1   2   1   0   1   1   0   0   6  72   7   0   0   0  1.58 0.77
  245 S     0   0   0   2  -3   1   2  -2  -1  -4  -3   1  -3  -3   4   1  -1  -5  -2  -1    6   4   4  10   0   5  14   2   1   1   3   8   0   1  22  10   3   0   1   4  0.40 0.26
  246 S     0  -1   0   3  -2   0   4   0  -1  -3  -2  -1  -3  -5   0   1  -1  -4  -3  -2    6   2   4  18   1   3  28   6   1   2   3   3   1   0   4  11   3   0   1   3  0.43 0.29
  247 A     5  -6  -6  -6   5  -5  -5   0  -6  -2   1  -5  -3  -1  -3  -2  -4  -6  -5   0   54   0   0   0  10   0   0   6   0   1  14   0   0   3   2   3   0   0   0   6  1.06 0.54
  248 S    -2   3  -3  -5  -1   2  -1  -5  -1   1  -1   5  -1  -4  -5  -2  -2  -3  -4   0    3  17   0   0   1  10   2   0   1   8   5  39   1   1   0   3   2   0   0   6  0.75 0.42
  249 D    -2  -1   1   7  -4  -1   0  -2   2  -6  -5  -3  -4  -6  -5   1  -3  -7  -6  -6    3   3   7  55   0   3   5   3   5   0   1   1   0   0   0  11   1   0   0   0  1.27 0.58
  250 L    -6  -7  -8  -8  -4  -7  -7  -8  -7   1   6  -7  -1   4  -8  -7  -5  -4  -4  -2    0   0   0   0   0   0   0   0   0   7  74   0   1  15   0   0   0   0   0   1  1.79 0.72
  251 I    -4  -7  -7  -7   0  -7  -7  -8  -7   6   4  -7  -1  -2  -7  -6  -5  -6  -5   3    1   0   0   0   2   0   0   0   0  47  33   0   1   1   0   0   0   0   0  15  1.51 0.61
  252 R    -1   3   1  -1  -1   1   0  -3   0  -4  -2   3  -2  -4  -3   2   0  -5  -1  -3    4  18   5   3   2   6   6   1   3   1   4  20   1   1   1  17   6   0   2   1  0.40 0.28
  253 Q    -1   4   0  -4  -4   2  -2   1   1  -6  -2   4  -2  -6  -5   0  -4   1  -5  -5    4  24   4   0   0   9   1  11   3   0   4  29   1   0   0   7   0   2   0   0  0.77 0.43
  254 M    -5  -7  -7  -8   4  -6  -7  -8  -7   2   5  -7   7   0  -7  -5  -5  -6  -5  -3    1   0   0   0   9   0   0   0   0   9  47   0  29   4   0   0   0   0   0   1  1.66 0.69
  255 L    -6  -7  -8  -7  -1  -7  -8  -8  -7   0   6  -7   2   2  -7  -7  -6  -6  -5  -3    0   0   0   0   1   0   0   0   0   3  83   0   5   7   0   0   0   0   0   0  1.95 0.77
  256 M    -2   1   1   1   1   3   1  -4  -1  -1  -3   1  -1  -4  -4  -1   2  -5  -4   2    1   7   6   9   3  13   8   0   2   3   1   9   1   0   0   3  14   0   0  18  0.35 0.28
  257 V    -2   2  -3  -3  -3  -1  -2  -4  -1  -1   0   3  -1   0   2  -2  -1  -3   2   2    3  11   1   1   1   2   1   0   1   3   7  24   1   4  10   2   4   0   7  17  0.34 0.26
  258 L    -5  -2   5   6  -5  -2   1  -6  -1  -5  -6  -2  -7  -8  -4  -2  -3  -8  -6  -4    0   2  31  47   0   2   8   0   2   1   1   2   0   0   1   3   1   0   0   1  1.56 0.68
  259 P    -2  -2  -7  -7  -8  -2  -4  -7  -3  -5  -5  -4  -2  -5   8  -2  -4  -8  -4  -2    3   3   0   0   0   2   1   0   1   0   1   1   1   1  79   3   1   0   1   3  2.41 0.95
  260 T     1   1   1   1  -2  -1   2  -1   0  -2  -2   2   0  -3  -3   2   1  -4  -3  -2   10   7   7   7   1   1  12   3   2   2   3  11   2   1   1  16  10   0   1   2  0.21 0.19
  261 S    -2   2  -1   1  -3   3   2  -4   1  -4  -2   4  -1  -4  -4  -1   0  -4  -4  -3    3   9   3   6   1  14  11   0   3   0   4  31   1   1   0   3   6   0   0   2  0.59 0.36
  262 R    -7   9  -6  -8  -9  -5  -6  -8  -6  -9  -8  -4  -7  -9  -8  -7  -7  -9  -8  -8    0 100   0   0   0   0   0   0   0   0   0   0   0   0   0   0   0   0   0   0  3.42 1.21
  263 I    -1  -6  -6  -6   0  -6  -6  -5  -5   5   3  -6   3   0   3  -4  -4  -1   0  -1    5   0   0   0   2   0   0   1   0  29  30   0   6   4  16   1   0   1   3   2  0.89 0.45
  264 K    -3  -4  -1  -2  -3  -4  -4   3  -3  -6  -6  -2  -4  -4  -2   4   6  -7  -6  -5    1   1   3   2   0   0   0  18   1   0   0   2   0   1   2  26  42   0   0   0  1.15 0.61
  265 V     4  -5  -6  -6   2  -5  -5  -4  -6   3   1  -5   0   0  -5  -2  -1  -1  -5   1   41   0   0   0   5   0   0   0   0  19  13   0   2   3   0   2   3   1   0  11  0.80 0.44
  266 A     1   0  -1   1  -5   2   3  -2   2  -4  -3   2  -2  -4   0   0   0  -5  -2  -3   13   5   2   8   0   8  20   3   5   0   2  15   1   1   5   6   5   0   1   1  0.36 0.26
  267 E    -1  -3  -1   4  -5   5   5  -3  -2  -7  -7  -1  -4  -7  -5  -3  -3  -7  -5  -6    4   1   3  19   0  23  40   2   1   0   0   4   0   0   0   2   2   0   0   0  1.21 0.60
  268 I     3  -6  -6  -6   0  -6  -6  -5  -6   5   1  -6  -2  -1  -6  -3  -3  -6  -4   4   21   0   0   0   2   0   0   0   0  33  14   0   0   3   0   1   1   0   0  23  0.98 0.47
  269 M    -2   0  -6  -6  -2  -2  -4  -6  -4   0   5   3   4   0  -5  -4  -4  -6  -5  -2    3   6   0   0   1   2   1   0   0   4  50  19   9   3   0   1   0   0   0   1  0.93 0.48
  270 Q     0   2   3   0   1   3   2  -2   0  -3  -3   2  -2  -5  -4   1  -1  -3  -3  -3    7  10  14   5   3  11  13   2   2   1   2  14   1   0   0  10   2   0   0   2  0.38 0.27
  271 H    -6  -5  -2   1  -9  -3  -5  -8  11  -8  -8  -6  -6  -3  -8  -3  -5  -8  -3  -7    0   0   2   7   0   1   0   0  85   0   0   0   0   1   0   2   1   0   0   0  3.51 1.18
  272 P    -2   0  -4  -2  -3  -2   0  -4  -3  -4  -5   0  -4  -7   7  -2  -3  -3  -4  -4    3   5   1   3   1   2   7   1   1   1   1   6   0   0  61   4   1   1   1   2  1.56 0.68
  273 W    -8  -8  -9  -9  -8  -8  -8  -8  -3  -6  -4  -8  -6   6  -9  -8  -8  11   3  -6    0   0   0   0   0   0   0   0   1   0   1   0   0  30   0   0   0  58   9   0  3.48 1.15
  274 F    -6  -7  -7  -7  -4  -6  -7  -7  -6   3   2  -7   4   7  -7  -6  -4  -4  -1   2    0   0   0   0   0   0   0   0   0  17  17   0   8  43   0   0   1   0   2  11  1.46 0.59
  275 I     0   3   1  -2   0   3  -1  -4  -2  -1  -1   3   0  -4  -4   1   1  -3  -3  -1    6  14   6   1   3  12   2   0   0   4   7  20   2   0   0   9   9   0   1   4  0.31 0.24
  276 A    -1   0   1   0  -3   1   0   2  -1  -3  -3   3  -1  -4   1   1   0  -3  -4  -3    5   5   7   5   0   8   5  15   1   1   1  18   1   0   8  12   5   0   0   1  0.28 0.20
  277 D    -1  -1   3   3  -1  -1   0   0   0   0  -2   0  -1  -2   0   0  -1  -1   0  -1    5   2  15  19   1   1   5   9   2   7   4   5   1   2   5   6   3   1   3   3  0.17 0.14
  278 L     0   0   1   1  -1   0  -1   0   0   0   1   0   0   0  -2   0   0  -2   1   0    8   3   7   8   1   4   3   6   2   4  16   8   1   4   1   6   6   0   5   5  0.02 0.04
  279 P     0  -2  -1  -2  -3  -1   0  -3   1  -2  -2   1  -2  -2   5  -1  -2   6  -2  -2    8   2   3   3   0   3   6   2   4   3   4   8   1   2  31   5   2  11   1   2  0.64 0.31
  280 T     0   0   0   1   0   0   0  -1   0   0   0   0  -1  -1   0   1   1  -2   0   0    6   5   2  11   2   3   7   3   2   5  11   7   1   1   4  11   9   0   3   7  0.05 0.06
  281 H     0   0   0   3  -2   0   1   0   1  -2  -2   0  -2  -1   1   0  -1   2   1  -2    6   5   5  19   1   4   9   6   4   3   2   6   1   2   6   8   3   3   5   2  0.18 0.13
  282 S     0   0   1   0  -1   0   1  -1   1   0   1   0  -1  -3   0   2   0  -3  -3  -1    6   4   6   4   1   3   9   3   4   7  14   6   1   1   5  19   6   0   0   2  0.11 0.12
  283 R     0   1   0   0  -2   0   0  -1   0   0   0   1   0  -1   0   0   0  -1   1   0    8   6   5   5   1   4   6   3   3   6  10  10   2   2   3   6   8   0   5   5  0.03 0.03
  284 L    -1   0   0  -1  -2   0   0  -3   0   1   2   0   0  -1   0   0  -1  -2  -1   2    5   5   5   3   0   3   8   1   2   8  20   5   2   2   5   5   3   0   1  16  0.08 0.09
  285 P    -2   0  -3  -1  -2   0   0  -2   0  -2   0   1  -1  -4   5  -1  -1  -2  -3  -1    3   6   1   4   1   3   6   3   2   3  11   9   2   0  35   4   3   1   1   4  0.57 0.29
  286 S     0   0   0   1  -3   0   1  -1  -1  -1  -1   1  -2  -2   2   2  -1  -3  -1  -1    8   6   3   8   0   4  10   3   1   3   7   8   1   1  10  17   2   0   2   4  0.15 0.13
  287 R     0   3  -1   0   0   1   0  -2  -1   0  -1   1  -1  -1   0   0   0  -1  -2   0    6  18   2   4   3   6   6   3   2   7   7   8   1   2   5   6   5   1   1   9  0.10 0.10
  288 T     0  -1  -1  -1  -1   0   0  -2  -2   0   1   0   1  -1   1   1   1   0  -1   1    6   2   2   2   1   4   6   2   0   6  15   5   5   2   6  11  12   2   2   9  0.07 0.09
  289 S    -1   0   0   0   0   0   1  -1  -2  -1  -1   2  -2  -3   3   2   1  -3  -3  -2    4   3   3   6   2   4   7   3   0   5   5  14   1   1  17  14   7   0   0   2  0.26 0.18
  290 S     0   0  -1  -1  -1   3   1   0  -1  -2  -3   0  -2  -3   4   1  -1  -4  -1  -2    7   4   2   2   1  15  11   6   1   3   2   4   1   1  21   9   3   0   2   3  0.37 0.24
  291 F    -1  -1  -2  -3  -3  -1  -1  -1  -1   0   0  -1   1   5   0  -1  -2   2   2  -1    5   3   1   1   0   2   4   5   2   5   9   3   5  29   5   6   2   2   6   4  0.34 0.21
  292 S    -1   2   2   1  -3   0   1  -2  -1   0  -2   2  -1  -3  -1   2   0  -4  -2  -2    4  11  12   8   0   3   9   3   1   5   3  11   1   1   2  20   4   0   1   2  0.24 0.18
  293 S     1   0   0   0   0   0   0  -1  -1  -1  -1   0   0  -1   1   1   0   0  -1  -1   14   5   3   7   2   4   7   3   1   3   7   6   2   4   8  14   4   2   1   4  0.08 0.08
  294 K    -1   2   0   1  -2   0   0  -1   0  -1  -1   2   4  -2  -1   0   0  -3  -1  -2    3  12   4   9   1   3   7   4   2   3   3  16  13   2   3   7   5   0   2   2  0.21 0.17
  295 H    -1   0   2   1  -2   1   1  -1   3  -1  -1   0  -1   0  -1  -1  -1   0   0   0    4   6  14   8   1   5   8   3   8   4   7   4   2   5   2   4   2   2   4   6  0.10 0.09
  296 R    -1   3   0  -1  -2   2   1  -2   1   0  -2   3  -1  -2  -1  -1  -2  -1  -2  -2    5  18   4   4   1   7   7   2   3   5   3  24   1   1   3   4   2   1   1   3  0.30 0.19
  297 S     0   0   1   0  -2   1   0  -1   0   0  -1   1  -2  -1   0   2   0  -2  -1  -1    9   5   6   4   0   8   3   4   2   5   6   8   0   2   5  20   6   1   2   4  0.10 0.11
  298 V     0   0  -1  -1   1   0   1  -1   0   0   0   0   1   0   2   0   0   1  -2   0    9   5   2   3   4   5   9   3   2   4  11   5   4   5   9   8   3   2   0   6  0.06 0.06
  299 T     0  -1   2   0  -2   1   0  -1  -2  -1  -1   0  -1  -2   0   1   2  -2  -2  -1    5   3  10   4   0   8   6   3   1   3   5   7   2   2   5  13  17   1   1   4  0.16 0.14
  300 F    -1   0  -1  -1  -3   0   0  -2   0   0   1   0   1   2  -1   0  -1  -2   0   0    4   7   2   3   0   3   7   2   3   4  19   5   4  12   3   7   4   0   2   7  0.07 0.08
  301 S     0  -1   1   1  -2   1   0   0  -1  -1  -1   1  -1  -1   0   2   1  -3  -1   0    7   3   6   8   1   5   5   5   1   2   4   7   1   2   4  16  10   0   2   8  0.09 0.09
  302 P     0  -2  -1   1  -4  -1   1  -1  -2  -2  -3   1   0  -4   5   2   0  -3  -4  -2    9   2   2   7   0   2   9   4   1   3   2   8   3   1  27  15   5   0   0   2  0.46 0.26
  303 P    -1  -1  -1   0  -4   1   3   0   0  -3  -2  -2  -3  -4   5   0   0  -4  -4  -2    5   4   2   6   0   6  21   7   2   1   4   1   0   1  26   6   5   0   0   3  0.51 0.28
  304 D    -1   0   1   3  -3  -1   2  -2  -1   0  -2   0   0  -3  -1   1   0  -3  -1  -2    5   5   6  19   0   2  17   2   1   7   4   4   2   1   2  11   7   0   2   2  0.23 0.17
  305 L    -1  -1  -1   2  -3  -1   0  -2  -2   1   1  -1   2   0  -1   0   0   0  -1   1    4   3   3  14   0   2   8   3   0   8  14   3   8   4   3   8   4   1   2   9  0.09 0.11
  306 A     1   0   0   0   1   1   0   1  -2  -1  -1   1   0  -2   0   0   1  -3  -2  -1   11   4   3   5   4   5   5  11   0   4   6  10   2   2   5   7  13   0   1   2  0.09 0.09
  307 I     0   1   0   0  -2   0   1   0   0   0  -1   1  -1  -1  -1   0   0  -2   0   0    7   8   5   6   0   4   8   5   3   9   6   8   1   3   1   9   5   0   3   8  0.03 0.04
  308 L     0   0   0  -1   0   0   0  -1   2   1   2  -1   1   0  -1   0  -1  -2   1   0    7   5   5   4   2   3   5   3   6   7  22   2   5   4   2   6   3   0   5   4  0.05 0.07
  309 F    -1   1  -1  -1  -3   0   1  -2  -1   0  -1   1   0   3  -1   0   0   2   1  -1    5   9   3   4   0   4   9   2   1   5   5   9   3  18   3   6   6   3   3   2  0.14 0.12
  310 D     0  -1   0   4  -4   1   3  -2  -2  -2  -2   1  -2  -1   0   0  -2  -4  -2  -2    6   3   3  25   0   5  17   3   1   3   3  11   1   3   5   6   2   0   1   2  0.35 0.22
  311 P     0  -1  -1   0  -4   1   2  -1  -2  -2  -1   0   2  -2   4   0   0  -4  -2  -1    7   3   3   6   0   7  12   3   0   2   5   5   6   2  24   6   5   0   1   3  0.34 0.21
  312 S     0   0   1   1  -1   0   2  -1   0   0  -1  -1   0   0  -2   1   0  -2  -1  -1    6   5   7  10   1   4  14   4   3   7   4   3   2   6   1  13   5   0   1   3  0.10 0.10
  313 I     0  -1   1  -1  -1  -1  -1  -2  -1   1   1   0  -1   3  -3   1  -1  -3  -1   0    7   3   7   4   1   3   4   2   2   7  12   4   1  15   1  14   3   0   1   8  0.10 0.12
  314 T     0  -1   0   2  -2  -1   1  -1  -1  -1  -1  -2   1  -3   0   2   3  -4  -1  -2    7   3   4  10   1   1  10   4   2   4   7   1   5   0   3  14  21   0   2   2  0.21 0.19
  315 S     0   1   0   0  -3   0   1  -1  -1  -1  -2   0   0  -4   1   3   0  -4  -3  -1    7   8   3   6   0   3   8   5   1   5   4   6   3   0   8  24   6   0   0   3  0.20 0.17
  316 P    -1  -1  -2   2  -5   0   2  -3  -1  -2  -1   0  -2  -2   5   0   0  -5  -2  -1    4   3   1  11   0   4  15   2   1   3   5   4   1   1  28   6   5   0   1   5  0.49 0.28
  317 S     0   0   1   1  -3  -1   1   0  -1   0  -1   1   1  -2   0   1   2  -4  -3   0    5   4   7   7   0   2   8   6   1   5   4   8   4   2   4  13  13   0   0   7  0.11 0.11
  318 S     0   0   1   3  -3   0   0   0  -1  -2  -1   0  -1  -1   1   2   0  -4  -1  -1    8   5   5  16   0   4   5   6   1   2   6   6   1   2   5  16   7   0   2   3  0.15 0.13
  319 S     0   1   2   1   1   0   0   0  -1  -1  -2   0  -2  -2   0   2   1  -3  -2  -1    6   6  10   8   3   3   4   5   1   3   4   6   1   2   4  18  10   0   1   5  0.13 0.13
  320 V    -1   0   0  -1  -2   0   0  -2  -1   1   1  -1   0   1   1   1   0  -2   1   1    4   7   4   3   0   4   6   1   1   8  15   2   1   6   6  11   4   0   5   9  0.05 0.08
  321 G    -1  -1   0   0  -3   0   0   3   1  -1  -1   0  -1  -2   0   1   0  -3   0   0    3   2   3   5   0   4   5  26   4   3   7   5   1   2   4   9   4   0   4   7  0.16 0.13
  322 Q     0   0   1   0   0   2   0  -1  -1   0  -1   0   1   0  -1   1   1  -2  -1   0    8   5   7   4   2  12   5   5   1   5   5   5   4   5   3  10   8   1   1   7  0.06 0.08
  323 I     0   0   0   0  -1   0   0  -1  -1   0   0   0   0  -1   2   0   0  -3  -1   0    6   5   6   7   1   5   3   4   1   8   9   3   3   3  10   9   5   0   2   9  0.06 0.05
  324 P    -1   1   0   0  -2   0   0   0  -1  -2  -2   0  -2  -1   4   1   0  -3  -3  -2    5   9   4   4   1   3   7   8   1   3   4   6   1   3  21  13   5   0   0   3  0.27 0.18
  325 Q    -1   1   1   1  -4   2   3  -1   0  -3  -1   0  -1  -1  -2   2   0  -3  -1  -3    3   6   5   9   0   9  21   4   2   1   6   4   1   3   1  15   5   0   2   1  0.25 0.20
  326 P     0   0   0   1  -3   1   1  -1  -1  -1  -2   0  -2   0   3   1   0  -4  -1  -1   10   4   4   7   0   8   9   3   1   3   3   4   0   4  14  13   4   0   2   5  0.18 0.14
  327 T     0   0   1   0  -1   0   2   0   0  -2  -1   0  -1  -1  -1   2   1  -4  -1  -2    9   5   7   3   1   3  14   7   3   2   6   6   1   2   2  17  10   0   2   3  0.13 0.12
  328 D     0  -1  -1   4  -2   1   1  -1  -1  -3  -1   1   0  -3   0   0  -2  -4  -1  -2    6   3   1  29   1   6   8   3   1   1   8   8   2   1   5   8   1   0   2   3  0.30 0.21
  329 H    -1   1   0   0  -4   1   2  -3   3  -2  -1   2   0   1   0   0   0  -4  -2  -2    3   7   3   6   0   5  13   1   8   2   5  15   2   6   5   8   7   0   1   2  0.20 0.16
  330 S     0   0  -1   1  -3   2   1  -1   0  -1  -1   1   0  -1   1   1   0  -2  -2  -1    8   4   2   6   0  11  12   4   2   3   5   7   3   3   6  14   3   0   1   6  0.12 0.12
  331 A     1  -1   0   0  -1   0   0   2  -1  -1  -2   0  -1  -4   2   1  -1  -4  -2   0   10   3   5   4   1   4   5  18   1   3   4   6   1   0  11  11   3   0   1   9  0.17 0.13
  332 L    -1  -1  -1  -2  -1   0   0  -1  -1   1   1   0   1   2  -1   1   0  -3   0   0    5   3   2   1   1   3   8   4   1   7  15   5   4  12   2  12   5   0   3   7  0.07 0.09
  333 S     1   1   0   2  -2   0   0   0  -2  -2  -1   0  -1  -3   1   2   1  -4  -2  -1    9   7   4  12   1   3   3   6   1   1   7   6   1   1   6  18  10   0   1   3  0.15 0.14
  334 P    -1  -1  -1  -2  -4  -1   0  -1  -2  -3  -1   1  -3   1   5   1   0  -4   0  -2    4   3   3   2   0   3   6   4   0   1   7   9   0   6  27  12   7   0   3   2  0.41 0.25
  335 S     0   1   0   1  -1   0   1  -1  -1   0  -2   0   0  -1  -2   2   0  -4  -1   1    8   7   3   9   1   4   8   3   1   6   3   4   2   2   1  21   5   0   2  10  0.11 0.12
  336 K     0   0   1   0  -2   1   0   0  -1  -1  -1   1  -1  -2   1   1   0  -3  -1  -1    7   5   6   5   0   7   6   6   1   4   7  11   1   2   7  12   7   0   2   4  0.09 0.08
  337 P     0   0   1   0  -3   1   0  -1  -1  -3  -2  -1  -3  -3   5   1  -1  -5  -4  -1    6   6   7   6   0   8   7   5   1   1   4   2   0   1  26  12   4   0   0   4  0.42 0.25
  338 M     0  -1  -1   0  -1  -1   1  -1   0   0   0   0   1   0  -1   1   0   1  -1   0    8   3   1   4   1   2  10   3   3   3  11   5   6   6   2  16   7   2   1   7  0.05 0.09
  339 S     0   0   1   1   0   0   1  -1   0  -1  -1   1  -1   0   1   1   0  -3  -1  -1    9   6   6   7   2   2   9   4   2   4   5   8   1   5   6  15   5   0   2   3  0.08 0.08
  340 I    -1  -1   0  -1   2   0  -1  -1   1   0   1  -1   1   1   0   0   0  -3   0   0    3   4   7   2   5   3   3   5   4   5  14   3   6   7   5   6   7   0   2   9  0.03 0.06
  341 S     0   0   0   0  -2   0   2  -2   2  -1  -1   1  -1  -1   0   1   1  -4  -2  -2    9   5   5   6   1   3  12   2   6   3   5   9   1   3   3  14  10   0   1   2  0.14 0.13
  342 G     0   0   1   0  -2   0   1   3   0  -1  -2   0  -2  -2   1   1   0  -2  -1  -2    7   4   5   5   1   5  10  22   2   3   3   6   1   2   6   9   5   1   2   2  0.17 0.12
  343 T    -1   1   0   0  -3   1   0  -2   0  -1   0  -1   1   1   0   1   1  -3  -1   0    4   7   4   6   0   6   4   2   2   3  11   2   4   9   5  12  10   0   1   5  0.07 0.10
  344 E    -1   1  -1   1  -2   0   3  -1   1  -2  -2   3  -1  -2  -2   0  -1  -4  -2  -1    4   9   3   8   1   3  23   4   3   3   3  17   2   2   1   7   3   0   1   5  0.28 0.20
  345 S     0   0   1   0  -3  -1   0  -1  -1  -1  -1   1  -1   1   0   2   1  -3   0  -1    9   6   6   6   0   1   4   4   2   5   4  10   1   6   4  18   7   0   3   3  0.09 0.10
  346 P     0   1  -1   0  -2   0  -1  -1  -1   0  -1   0  -1  -2   3   1   0  -1  -1   1    6   8   1   6   1   4   3   3   1   5   4   7   1   1  14  15   5   1   3  10  0.15 0.13
  347 N     0  -1   2   1  -2   1   0  -1  -2  -1   1   0   1  -2   0   0   0  -3  -2  -1   10   3  10  11   1   6   7   5   0   1  15   6   3   2   4   6   5   0   1   4  0.08 0.09
  348 P     0  -1   0  -1  -4   1   1  -2   1  -1  -1   0  -1  -4   4   1   1  -4  -2  -2    6   3   4   3   0   8  10   2   3   3   5   5   1   0  24  10   9   0   1   3  0.36 0.21
  349 D    -1   2  -1   2  -1   1   1  -2   2  -2  -1   0   1  -2  -2   1   0  -4  -2  -2    5  14   2  13   2   5   7   3   5   2   4   6   6   1   2  15   4   0   1   3  0.17 0.15
  350 P    -2  -1  -1  -1  -2  -1   2  -3  -1  -2  -1  -2  -1  -2   6   0  -1  -5  -3  -2    3   4   3   3   1   2  16   2   2   2   6   2   2   2  38   8   3   0   1   2  0.72 0.34
  351 A     2   1   0  -1  -2  -1  -1   0  -1  -1   0   0  -1  -1   0   2   0  -3  -2   0   20   7   5   3   0   2   3   5   2   2   8   5   1   3   3  17   6   0   1   6  0.11 0.12
  352 S     2  -1   2  -1  -2   0  -1   0  -2  -2  -2   0  -1  -1  -1   2   1  -3  -1  -1   16   3  11   3   1   4   3   5   1   2   3   4   1   3   3  21   9   0   2   5  0.18 0.15
  353 L    -1  -1  -1   2  -3   0   0  -1  -2   1   1  -1   0   1  -1   0  -1   0  -1   0    5   2   2  13   0   5   5   4   0   8  20   3   2   7   2   9   2   1   1   8  0.07 0.09
  354 C     1  -1   1   0   4   0   1   2   0  -2  -1  -1  -2  -2   0   1   0  -3   0  -1   10   2   6   5  10   3   8  14   2   2   5   2   0   1   3  12   5   0   4   4  0.14 0.11
  355 Y    -1  -1  -1  -2  -3  -1  -1  -1   0   1   1  -1   2   1  -1   1   1  -2   3   0    4   3   3   2   0   1   4   4   2   8  16   4   6   4   3  13   8   0  12   4  0.09 0.11
  356 S    -1   0   0   0  -2   0   0  -1   0   1   0   0   0   0   1   1   0  -1  -1   0    3   4   6   7   0   3   4   4   3   9  12   7   4   3   8  11   4   1   2   5  0.04 0.05
  357 S     0   1   1   1  -2   1   0  -1   0  -1   0   0  -2  -3  -1   2   1  -4  -2  -2    7   7   6  10   1   5   5   3   2   4  10   4   0   0   2  22  10   0   1   2  0.16 0.14
  358 Y     0  -1   0  -2  -1   0   0  -2  -2   0   1  -2  -1   2   2   0   0   1   3  -1    6   2   4   1   1   3   5   3   1   4  17   2   1   9  13   6   7   2  11   3  0.17 0.14
  359 E    -1   2   1   1  -2  -1   2  -1  -1  -1  -1   1  -1  -2  -1   1   0  -3  -1  -2    4  11   6  10   1   1  12   4   1   3   6  11   2   1   3  14   6   0   2   3  0.14 0.12
  360 D    -1   0   2   3  -1   1   3   0  -1  -3  -3   1  -4  -4   3   1  -1  -5  -4  -4    3   4   8  15   1   5  18   8   1   1   2   8   0   1  13   8   3   0   0   0  0.38 0.23
  361 L    -1   0  -1  -1  -1   0   0   1  -2   0   0   0   1   2   2  -1  -1  -3  -1  -1    4   6   2   3   1   4   6  11   1   7  10   5   4  11  13   5   3   0   1   4  0.10 0.09
  362 Y    -2   0   0  -2  -1  -1  -1  -1   1   0   0  -1   0   3  -2   0   0  -2   2   0    1   7   6   2   1   3   2   4   3   6  11   4   2  15   1  10   7   0   8   7  0.10 0.11
  363 S     1   1   1   2  -3   1  -1  -2   0  -2   0   1  -1  -1   0   1   1  -4  -2  -2   13   9   6  11   0   7   2   2   2   1   9   7   1   2   4  14   7   0   1   2  0.15 0.14
  364 A     2   0   0  -1  -3  -1  -1   3  -3  -2   0   0  -1  -3   0   1   0  -4  -2  -1   20   7   4   3   0   1   3  20   0   2   9   6   1   0   5   9   5   0   1   4  0.20 0.16
  365 T    -1   0   0  -2  -1   0   0  -1  -3   0  -2   0  -2  -2   1   2   3  -4  -1  -1    4   6   3   1   1   3   7   4   0   5   3   4   0   1   7  19  25   0   2   4  0.27 0.22
  366 S     0  -2   0   0  -2   0   0   1  -2   1   0   0   1  -2   0   2   0  -3  -2   0    5   1   4   4   1   3   5  10   0   9  11   6   4   1   4  21   4   0   1   6  0.10 0.12
  367 W    -2   2   1  -2   1  -1  -1  -1   2  -1   0   1  -2   1   0   1   0   2  -2  -1    1  13   7   2   3   2   2   3   7   3  12  11   0   8   4  11   4   3   0   4  0.13 0.14
  368 H     0  -1  -1   0  -2   0   1  -1   2   1   0  -1   1   1   0   1   0  -2   0   0    6   3   2   4   1   4   9   3   8  10   7   3   3   7   4  14   5   0   2   5  0.06 0.08
  369 S     0   0   2   0  -3   0   2  -1   0  -2  -1   1  -1  -3  -1   1   2  -1  -2  -1    9   3  11   4   0   4  15   3   2   2   5   8   2   0   3  12  12   1   1   3  0.17 0.14
  370 D     0   2   0   2  -2   1   1  -2   2  -2  -3   1  -1  -2  -1   1   0  -2  -3  -2    7  12   4  13   1   5  10   2   5   2   2   9   2   1   3  14   4   0   0   3  0.21 0.16
  371 M     0   2  -1   2  -3   0   0   1  -1  -1   1   0   2  -1  -1   0  -1  -3  -3  -1    6  15   2  12   0   5   5  11   1   2  15   3   6   3   3   6   3   0   0   4  0.12 0.12
  372 A     0   2   0  -1  -2   0   1   1  -2  -2  -2   2  -1  -3   0   2   0  -4  -2  -2    9  11   5   3   0   3  10   9   0   2   3  12   2   0   4  15   7   0   1   2  0.17 0.14
  373 E    -1   2   0   2  -2   0   2  -3   2  -3  -3   0  -3  -2   3   1  -2  -2  -1  -3    5  12   4  11   1   4  15   1   5   1   2   6   0   2  13  13   1   1   2   1  0.32 0.20
  374 S     0  -1   0   0   0   0   1   1   0  -2  -2  -1  -3  -2   2   2   1  -4  -2  -1    6   3   4   5   2   3  11  10   3   2   2   2   0   1  10  22   7   0   1   4  0.21 0.16
  375 S    -1  -1   2   2  -4  -1   2  -1  -3  -3  -2   0  -1  -3  -1   3   1   1  -3  -3    5   3   9  10   0   1  15   3   0   1   3   6   2   1   3  24  10   2   1   1  0.32 0.23
  376 G     0   2   2   0  -2  -1  -1   2   3  -4  -4   0  -3  -1   0   1   0  -4  -2  -3    6  13  10   5   1   2   4  17   8   0   1   3   0   3   5  13   7   0   1   1  0.27 0.18
  377 F    -1  -1  -2  -1  -2   0  -1  -2  -2   0   0  -1  -2   5  -1  -1  -1  -1   2   1    6   4   1   3   1   6   4   2   1   4   8   4   0  27   3   5   4   1   6  10  0.25 0.17
  378 L     0  -1  -3  -3   0  -1  -2  -3  -3   2   2  -2   2   0  -2   0   2  -3  -2   2    6   4   0   1   2   3   2   1   0  10  20   2   7   3   1   7  13   0   1  16  0.21 0.15
  379 D    -1  -1   0   3  -3   0   1   0  -2  -2  -2   0   1  -3   0   2   1   1  -1   0    4   2   2  16   0   4   9   8   0   1   2   4   4   1   5  16   8   2   2   7  0.18 0.15
  380 P     1   0   0   1  -4   0  -1   3  -2  -4  -3   0  -2  -4   4   0   0  -1  -3  -3   11   4   4   8   0   4   4  22   1   0   3   6   1   0  19   5   5   1   1   1  0.38 0.21
  381 T     1   0   1   0  -2   1   0   0   2  -1  -1   0  -1  -1   0   0   0  -3  -2   0   18   7   6   6   1   5   7   5   7   5   4   4   0   3   4   5   7   0   0   6  0.08 0.09
  382 D     0   0   0   2   0   0   2  -1   2  -2  -2   0  -1  -3   3  -1  -1  -4   0  -2    7   4   4  12   2   3  12   4   6   3   3   6   1   0  17   4   4   0   4   3  0.25 0.15
  383 I    -1  -1  -2  -2  -3   1  -1   0  -3   0   1  -1   1  -1  -1   1   1   0  -2   2    4   3   1   1   0   7   4   7   0   4  16   1   4   2   3  11  10   1   1  18  0.11 0.13
  384 P     0   0   0   0  -4  -1   1  -2   2  -4  -2  -1  -3  -2   5   1   0  -2  -1  -1    6   4   4   4   0   2   9   3   5   0   3   3   0   2  29  11   6   1   2   5  0.46 0.25
  385 P     1  -1  -1   0  -1   1   0  -1  -2  -2  -2   1  -1  -3   3   1   2  -2  -2  -1   13   3   2   5   1   6   6   4   0   1   4   8   2   1  16  10  14   1   1   3  0.23 0.16
  386 I     0   0  -1  -1   1  -1  -1  -3   1   2   1   0   1   1  -3  -2  -1   1  -1   1    9   4   4   3   3   3   3   1   5  17  18   7   3   7   0   1   4   2   1   7  0.10 0.10
  387 P    -1  -1  -1   0  -1   0   2  -1  -2   0  -2  -1  -1  -4   4   1   0  -4  -3   0    4   3   2   4   1   4  16   4   1   5   3   2   2   0  25  10   6   0   0   8  0.38 0.21
  388 S     0   1   1   1  -1   1   2  -1  -1  -3  -2   1   0  -3   1   2  -1  -4  -2  -2    9   9   7   7   1   6  14   3   1   0   4   8   3   0   6  15   3   0   1   2  0.19 0.14
  389 N    -1   2   3   0  -3   0   0  -1   1  -3  -2   2  -3  -3   0   1   1  -1  -2  -2    4  13  14   6   0   4   6   5   3   1   3  12   0   0   4  12   9   1   1   2  0.23 0.16
  390 V     0   0  -1  -1  -2  -1   0   0  -2   0   1  -1   0   1   0   0   0  -2   0   1    6   6   3   2   0   1   6   9   0   6  15   3   2   6   4   8   5   0   4  13  0.03 0.05
  391 E     0   0   1   2  -2   1   2  -1   1  -2  -2   0  -1  -3   3   1  -1  -3  -2  -2    8   4   5  12   1   5  13   3   3   3   4   5   1   0  13  13   3   0   1   2  0.22 0.13
  392 T    -1   1   0  -1   1   0   1   0  -1   0  -1   0  -1   1   0   0   0  -2  -1   0    4   8   6   1   3   3  14   8   1   6   5   6   1   7   5   8   7   0   1   5  0.06 0.06
  393 L     0  -2  -1  -1  -1  -1  -1  -1   1   2   2  -1   2   1  -2   0  -1  -1  -1   1    7   1   2   3   1   2   4   4   5  14  20   4   5   7   2   7   1   1   1   7  0.08 0.09
  394 R     1   2   1  -1  -3  -1   0  -1  -2  -1  -2   1  -2  -3   3   0  -1  -2  -1  -1   15  12   9   2   0   1   7   5   0   3   4   8   0   0  16   6   2   1   3   6  0.23 0.16
  395 S     1  -1   0  -1  -3  -1   0  -1   1  -1  -1  -1   0  -1   1   2   2  -3  -2   0   12   2   4   2   0   2   8   3   3   3   4   3   2   2   6  22  13   0   1   6  0.16 0.15
  396 S     0   1   0  -1   1   0   1  -1  -3  -2  -2   0  -2  -3  -1   4   1  -1  -2  -1    6   9   3   2   3   3   8   4   0   1   4   4   1   1   3  34   8   1   1   5  0.28 0.22
  397 L     0   0  -1  -1   0  -1   0  -2  -3  -1   1   0   0  -1   1   0   2  -3  -2   1    7   5   3   2   3   1   7   2   0   2  20   5   1   3   6   5  16   0   0  11  0.10 0.12
  398 P    -1  -2  -2   2   1  -2   1  -2  -4  -3  -3  -1  -1  -3   6   0  -2  -5  -1  -2    3   2   1  10   3   1   8   2   0   1   3   3   2   1  44   7   1   0   2   3  0.87 0.37
  399 Q     0   2   0   0  -3   2   1  -1   1  -2  -2   0  -1  -3   0   1   1  -3  -1  -1    7  13   4   6   0  10   7   3   4   2   4   4   1   0   5  15   7   0   2   4  0.15 0.12
  400 R    -1   2  -1  -1  -1   1   0  -1  -1   1   0   1   0  -2   0   0   1  -3  -2   0    5  16   3   4   2   6   4   3   1  14   6   8   3   1   5   4   9   0   1   5  0.09 0.09
  401 H    -1   2   1  -2  -2   2   2  -1   6  -2  -3  -1   0  -1  -2   0  -1  -1  -1  -2    3  13   6   0   1   8  14   4  22   2   2   3   3   2   1   8   2   1   1   2  0.41 0.24
  402 A    -1   3   1  -1  -1   0  -2  -1   1  -1  -2   2   0  -2   1   2   1  -2  -2  -2    2  20   6   2   1   3   0   4   5   3   3  11   3   1   7  17   7   1   1   2  0.23 0.18
  403 S     2  -1   1   0   1  -1  -1   1   0  -2  -1   0  -1  -1  -1   2   0  -3  -2  -2   22   4   7   5   3   1   3  12   2   2   7   5   1   2   2  16   3   0   1   0  0.16 0.15
  404 F     0   1   1  -2  -3  -1   0  -1   2  -1   0   0  -1   1   1   1   0  -1   2  -1    6   7   8   1   0   0   4   4   8   2   8   5   2   6   7  13   7   1   7   4  0.10 0.11
  405 M    -1  -2   0  -2  -3   0  -2  -1  -3   0   1   0   5   0  -1   2  -1  -3  -2   0    4   1   4   1   0   4   1   4   0   3  16   7  17   5   3  19   3   0   1   6  0.21 0.20
  406 N     0   0   2   1  -2   0   2  -2   1  -1  -1   0   0  -2   1   1   0  -1  -1  -1    7   4  13   6   1   3  13   1   4   2   8   4   3   1   8  11   4   1   1   4  0.13 0.11
  407 K     0   1   0   0  -1   1   2  -1   0  -2  -1   0  -1  -2   1   1   0  -4  -1  -2    9   9   3   4   1   7  19   3   2   3   7   4   1   1   7  13   4   0   1   2  0.16 0.13
  408 V     0   2   0  -1  -2   1   0  -2  -3  -2   0  -2   0  -2   2   2   2  -4  -3  -1    9  12   4   3   1   6   7   1   0   2   9   0   3   1   9  15  16   0   0   2  0.20 0.18
  409 Y    -1   1  -1  -1  -1   0  -1   1   2  -1   0   2  -1  -1  -1   0   0  -3  -1  -1    4  10   2   2   1   3   3  10   6   3  14  16   0   3   2   7   7   0   2   4  0.08 0.09
  410 N    -1   0   1   2  -4   1   2   0  -1  -2  -2   0  -3  -3   0   2   0  -4   1  -2    4   3   6  11   0   6  14   8   1   2   3   5   0   0   4  19   6   0   5   2  0.22 0.17
  411 H     0   0   0  -1   1   0   0   1   0  -1   0   0   0  -1   2   0   0  -3  -2  -1    5   5   5   2   3   4   8  10   3   2  11   5   3   4  10   7   7   0   0   5  0.06 0.06
  412 P     0   0   0  -1  -4  -1  -3   1   3  -2   0  -2  -3  -2   5   0  -1  -4  -3  -1    8   6   4   4   0   2   0  10   7   1   9   1   0   1  30   9   4   0   0   4  0.47 0.25
  413 L     0   0   2  -1  -3   1  -1   1  -2  -1   0  -2   0  -1  -2   0   1  -3   0  -1    7   4  12   3   0   8   3  14   0   4  12   0   3   2   1   6  12   0   4   3  0.10 0.12
  414 S     0   2  -2  -1  -4   1  -1  -2  -3  -3  -4  -1  -1  -4   3   3   1  -4   1  -2    5  13   1   2   0   7   4   2   0   1   0   2   1   0  14  30   9   0   5   2  0.45 0.29
  415 R     0   1  -1  -2  -3   3   1  -2   3  -1  -1   0   0  -1  -1   2   0  -4  -2  -2    9   9   2   1   0  16   9   2   8   4   8   5   2   2   2  17   4   0   0   1  0.22 0.18
  416 P     1  -1  -2  -1  -4   1  -1  -1   0  -3  -3   1  -1  -3   4   3  -1  -4  -2  -2   11   3   1   3   0   5   2   4   3   1   1  10   2   1  23  25   3   0   1   2  0.46 0.27
  417 P     0  -2   1  -2  -4  -1  -2  -4   0  -5  -3  -2  -4  -2   6   2  -3  -5  -1  -3    9   1   6   1   0   3   2   0   3   0   2   2   0   2  44  18   0   0   2   1  0.96 0.41
  418 A     1   0  -1  -1  -3   0   1  -1   1  -1  -1   0   0  -3   2   1   0  -1  -1   0   13   5   2   1   0   5   9   4   5   3   7   5   4   0  12  11   3   1   1   6  0.13 0.10
  419 P     0   0   0   0  -1   0   0   0   2  -2  -2  -1   0  -3   4   0   0   2  -1  -1    9   7   3   5   1   3   7   6   7   2   3   1   3   0  20   6   7   3   2   5  0.25 0.15
  420 N    -1  -1   2   0  -3   3  -1  -2  -2  -2  -2   1  -2  -2   1   2   2  -4  -3  -3    3   3  10   4   0  16   2   2   0   2   4   9   0   2   8  19  15   0   0   0  0.30 0.21
  421 R    -2   3  -1  -1  -4   0   0   1   0  -2  -1   1  -2  -4   3   0  -2  -4  -3  -1    1  24   2   2   0   3   6  14   3   2   8   9   0   0  13   7   0   0   0   4  0.31 0.19
  422 L    -1   0   0  -1  -3   0  -2  -3   1   0   2   1  -1  -2  -3   1   1  -3  -1   2    2   5   5   4   0   5   0   0   4   2  22  11   0   0   0  10   8   0   1  19  0.15 0.16
  423 R    -1   3  -1  -1  -3   0   0   0   0  -2  -1   1  -2  -1  -3   2   1   1  -1  -1    3  22   2   3   0   2   6   6   3   1   5   8   0   2   0  18   9   3   1   6  0.20 0.16
  424 S    -1   0   1   0  -3   0   1  -3  -2  -1  -2   2   0  -3   2   2   1  -4  -1  -1    3   4   5   5   0   4   7   0   0   3   2  18   3   0  11  19  12   0   2   3  0.26 0.18
  425 L     0   1   1   1  -2  -1   0  -2  -2   0   0  -1   1  -2   1   0   1  -3  -2   0    8   8   8   8   0   0   8   1   0   8   8   0   8   0   8   8   8   0   0   8  0.09 0.10
  426 R    -1   3   1  -2  -3  -1   0   0   2  -2  -1   2   1   0   0   0   0  -3   0  -1    4  17   6   0   0   0   5   6   5   0   4  18   6   4   4   5   5   0   4   6  0.15 0.17
  427 W     0   0  -2  -3   2   1  -2  -3   2  -2  -2  -2  -2   0  -3   0   1   8   1   0    7   6   1   1   4   6   1   1   5   1   1   1   0   4   1   8   8  29   4   8  0.67 0.32
  428 H     1   0   0  -2   2   2   0  -2   6  -3  -3  -1  -2   1   1   0  -2  -2   0  -2   13   6   4   1   6  10   6   1  24   1   1   1   0   7   7   8   1   0   3   1  0.34 0.21
  429 Y    -2   0  -2  -2  -2  -1   0  -3   2   0   2  -1   1   3  -2  -2   0   3   2   0    1   8   1   1   0   1   9   1   6   1  23   1   4  16   1   1   5   4   8   9  0.19 0.14
  430 G    -1  -2   0  -2  -3   0   0   4  -2  -3  -3   0  -2   0  -2   1   0  -2   0  -1    1   0   3   1   0   6   6  43   0   0   1   5   0   5   0  12   6   0   4   6  0.39 0.20
  431 I     0   2  -2  -2  -2   1  -2  -3  -2   3   1   0   0  -2  -2   0   1  -3  -2   0    7  17   0   0   0   7   1   1   0  29  13   5   0   0   0   6   9   0   0   3  0.19 0.17
  432 Q    -2   4  -1   0  -4   3   1  -1   1  -1   0   2   0  -3  -3  -2  -2  -3  -2  -2    0  35   0   5   0  15   7   3   4   3  10  12   3   0   0   0   0   0   0   0  0.42 0.23
  433 T     1  -2   1   0   1   0   1   0  -2  -2  -1   0   0  -3  -2   3   1  -3  -3  -2   11   0   8   5   3   3   7   5   0   0   5   4   4   0   0  37   7   0   0   0  0.27 0.19
  434 A     0   3   1   1   0   2   0  -2   0  -1  -2   0   0  -3  -2   0  -1   3  -2  -1   10  27   6  10   3  11   4   0   1   5   1   3   4   0   0   7   0   5   0   3  0.25 0.17
  435 K     1   0   1   2   1  -1   0   0  -2  -2  -1  -1  -1  -3  -2   2   1  -3  -2   0   17   4   5  13   4   0   4   8   0   0   6   2   0   0   0  20   9   0   0   6  0.15 0.11
  436 N     0   2   1   2  -3   0   0   0   3  -3  -2   1  -2  -2   0   1  -1  -3   1  -3    5  12   8  14   0   3   5   5   9   0   3   6   0   0   4  16   0   0   7   0  0.21 0.13
  437 P     0   0  -2  -2  -3  -1   0  -2  -2  -1  -3   0  -2  -3   6   1   0  -3   0  -2    8   5   1   1   0   1   4   1   0   6   1   6   0   1  41  13   6   0   5   1  0.69 0.24
  438 I    -1   2   1  -2   0  -1  -1  -2   0   1   1   0   1  -1  -1  -1   1   1   1   1    5  13   9   1   2   0   2   1   3   8  15   5   5   0   3   1   9   2   5  11  0.06 0.08
  439 E    -1  -1   1   2  -3   3   4  -1  -1  -3  -2  -1  -2  -1   0   0   0  -3  -2  -3    2   0   8  11   0  14  31   5   0   0   5   0   0   4   4   8   4   0   0   0  0.36 0.20
  440 V     1  -2  -2  -3   2  -2  -2  -2  -3   3   1  -2   1   0   0  -1   1  -2  -2   2   16   1   1   1   5   1   1   1   0  21  10   1   4   5   4   3  10   0   0  16  0.18 0.12
  441 L    -2  -3  -3  -4  -3  -2  -1  -1  -3   2   3  -3   6  -1  -3  -3  -2  -3   0   0    1   0   0   0   0   0   5   5   0   9  39   0  31   0   0   1   0   0   3   3  0.61 0.30
  442 R    -1   2   0  -2  -3   1  -1   1   1  -1  -1   2  -1  -2   0   0   1  -3  -2  -2    3  16   4   0   0   5   0  10   5   3   8  20   0   2   4   5  13   0   0   0  0.18 0.13
  443 K    -1  -1  -1   2   0   1   5  -3   1  -4  -4   3  -3  -4   0  -1  -2  -4  -3  -4    3   0   0  13   3   6  43   0   3   0   0  23   0   0   4   0   0   0   0   0  0.68 0.30
  444 L    -1  -3  -3  -3  -2   0  -1  -3  -3   3   1  -2   0   0  -3   1   0  -3   1   3    0   0   0   0   0   4   4   0   0  18  10   0   0   4   0  14   5   0   6  33  0.27 0.19
  445 C     0   0  -2  -3   6  -2   0  -3   1  -2   0   0  -1   1  -3   0  -2  -1   4  -1   10   5   0   0  21   0   7   1   3   0  11   5   0   5   0   5   0   0  20   4  0.32 0.19
  446 E    -1   3  -1   1  -3   3   2  -2  -1   0  -1   1  -1   0  -2  -1  -2  -3  -2  -2    5  21   0  10   0  15  19   1   0   7   4  10   0   5   0   1   0   0   0   1  0.29 0.15
  447 A     4  -1  -2   0   2   0  -1  -1  -2  -2  -2  -1   1  -3  -2   2  -1  -3  -2  -1   54   4   1   5   5   5   1   1   0   1   1   1   5   0   1  14   1   0   0   1  0.42 0.22
  448 L     0   0  -2  -3  -2   0  -2  -1  -2   0   4  -2   3  -1  -3  -1  -1  -2  -2   0    8   6   1   1   0   5   1   6   0   2  53   1   8   0   1   5   1   0   0   1  0.29 0.17
  449 L     0   0  -1  -1  -3   3   2  -2   1  -2  -2   3  -1  -3  -2   1   0  -3  -2  -1    5   1   1   1   0  22  14   1   3   1   4  26   0   0   1  10   6   0   0   6  0.31 0.16
  450 E    -2   0   2   2  -4   2   3  -3  -1  -4  -4   2  -3  -3   0   0   0  -3   0  -3    0   3  13  10   0  13  25   0   0   0   0  18   0   0   4   3   5   0   5   0  0.43 0.20
  451 L    -1   1  -3  -3  -2  -2   0  -4  -3   0   3  -2   3   0  -3  -1  -2  -3  -2   2    3  10   0   0   0   0   9   0   0   0  42   0   8   4   0   5   0   0   0  18  0.30 0.20
  452 G     1  -3   3   2  -3  -2  -2   4  -2  -4  -2  -2  -3  -4  -3   2  -1  -4  -3  -3   12   0  17  11   0   0   0  39   0   0   6   0   0   0   0  15   0   0   0   0  0.54 0.22
  453 A     1  -2  -2  -3  -2   0   0  -1   2  -1   0  -2   1   2  -3   1  -1  -1   4   1   17   0   0   0   0   4   5   3   5   0   8   0   5   8   0  11   0   0  19  13  0.18 0.15
  454 R    -1   1   0   1   2   2   4  -1  -1  -3  -3  -1  -3  -4   1   1   0  -4  -3  -2    0   8   4   4   6  13  38   5   0   0   0   0   0   0   5  11   3   0   0   3  0.42 0.21
  455 F    -3  -3  -3  -1  -3  -3  -3  -4  -3   0  -1  -1  -2   3  -4   0  -2   9   3  -1    0   0   0   5   0   0   0   0   0   6   4   6   0  12   0  10   0  39   9   5  1.01 0.31
  456 R    -2   3  -1  -2  -4   1  -1   1  -2  -2  -3   5  -2  -4  -3   1  -2  -4  -3  -3    0  14   0   0   0   5   0  10   0   4   0  56   0   0   0  11   0   0   0   0  0.65 0.27
  457 P     0  -1  -2  -2  -3   2  -1  -3  -2  -2   0   2  -2  -3   6  -1  -2  -3  -3   1    7   0   0   0   0  11   1   1   0   0   8  15   0   0  41   1   0   0   0  13  0.70 0.21
  458 C     1  -1  -1   0   1   0  -1  -2  -2   1   0   0  -1   0  -2   1   1  -3  -1   2   11   0   0   4   3   7   1   1   0   5   6   6   0   5   0  17  10   0   0  22  0.09 0.09
  459 D    -1   0   3   1   4  -1   2   3  -1  -3  -3  -1  -3  -3  -2   0  -1  -3  -3  -3    1   7  23   9  14   0  15  23   0   0   1   0   0   0   0   4   0   0   0   1  0.42 0.17
  460 E    -1  -2   0   0  -3  -1   2  -2   1  -1  -1  -1   3  -2   4   0   0  -3  -2   0    2   0   6   4   0   0  23   1   5   0   6   0  13   0  21   4   5   0   0   6  0.34 0.15
  461 E    -2  -1   3   3  -3   1   1  -1   0  -3  -3   0  -2  -1   1  -1  -2  -1   4  -3    1   0  20  17   0   5  11   5   0   0   1   6   0   0   7   1   0   0  24   1  0.39 0.18
  462 S     0  -1   2  -1  -2   2   0  -2   3  -1   1  -1   1  -1  -2   0  -1  -2   1  -1   12   0  12   1   0  19   5   1   9   0  21   1   4   0   0   5   1   0   7   1  0.15 0.11
  463 F    -1  -3  -3  -3  -2  -2  -3  -3  -2   1   1  -2   2   3  -3  -1  -1   5   1   2    1   0   0   1   0   0   1   1   0   5  12   1   6  18   0   8   1  11   4  30  0.33 0.13
  464 L     0   2  -1  -2  -2   1  -1  -2   1   0  -1   1  -1  -2  -2   1   3  -2   1  -1    7  12   0   0   0   8   0   0   5   7   5   6   0   0   0   6  33   0   7   0  0.19 0.11
  465 K    -1  -2   0  -3   3  -2  -2  -3  -3   3   1   1   0  -1  -3  -1  -1  -3  -2   2    0   0   6   0   9   0   0   0   0  26  15  15   0   0   0   6   0   0   0  22  0.21 0.12
  466 E    -1   4   2   1  -3   2   2  -2  -1  -3  -2   1  -2  -3  -2  -1  -1  -3  -2  -2    1  36  14   8   0   9  13   1   0   1   2   7   0   1   1   1   1   0   1   1  0.40 0.11
  467 N    -1   1   2  -1  -2  -1  -1  -1  -1  -1   0  -1   0   0  -2   0  -1   4   2   0    2  13  13   1   0   1   1   4   0   1  12   1   4   1   1  11   1   8  13  11  0.13 0.07
  468 K    -1   4  -1   0  -3   1   0  -2  -1  -2  -2   4  -2  -3  -1   1  -1  -3  -2  -1    1  25   1   3   0   6   1   1   0   1   1  39   0   1   1  12   1   0   1   4  0.41 0.13
  469 Y    -1  -1   3  -1  -2  -1   0  -2  -1  -2  -2  -1   1  -1   2  -1   1   6   2  -2    2   1  24   1   0   1   9   2   0   1   2   1   6   1  12   1   9  17   9   1  0.41 0.12
  470 K    -1   0   1   2  -2   0   2   0  -1  -2  -2   2  -2  -2   2   0   1  -2  -2  -2    2   1   6  17   0   1  14   5   1   1   2  19   1   1  13   4   9   0   1   2  0.27 0.06
  471 V     0  -1  -1  -1  -1  -1  -1  -2  -1   0   1  -1   0   1   1   0   0  -1   3   1    5   1   1   5   1   1   2   2   1   6  15   2   3   4   6  10   7   0  18  12  0.08 0.04
  472 F    -1  -1   0   3   1  -1   0  -1  -1   0  -1  -1  -1   1   2   1   2  -2  -1  -1    2   1   1  24   4   1   2   2   1   6   2   2   1   8   9  15  17   0   1   2  0.18 0.07
  473 S     1  -1   1   2  -2  -1  -1   1   1  -2  -3  -1  -2  -2  -1   2   1  -2   0  -2   12   1   7  15   0   0   1  13   5   1   1   1   0   0   1  28   9   0   5   1  0.23 0.09
  474 C     0  -1   1   0   4   0   0  -1  -1   0   0  -1  -1  -2  -1   0   2  -2  -2  -1   10   1   8   7  13   3   8   4   0   7   9   1   0   1   1   1  23   0   1   1  0.13 0.07
  475 I     0  -1  -1  -2  -2  -1  -1  -2  -1   1   0   1   2   0  -2   0   1  -2   0   1    4   1   3   1   0   1   4   1   0  13   1  18  12   5   1   4  13   0   3  14  0.07 0.06
  476 T    -1   2   0   2  -2   0   1  -1  -1  -2  -2   2   0  -2  -1   2   0   1  -2  -2    1  14   1  16   0   1   9   1   0   1   2  17   3   1   1  21   6   2   1   1  0.23 0.08
  477 C     0   2  -1  -1   4   0   0   0  -1  -2   0   2  -1  -2  -1  -1   0  -2  -2  -1    9  16   1   1  16   3   6   8   0   1  10  17   0   1   1   1   4   0   1   1  0.17 0.07
  478 H    -1   4   1  -1  -2   0  -1   0   2  -1  -1   0  -1  -2  -2   0  -1  -2  -2  -2    2  42   9   1   0   1   1   9   5   5   7   1   0   1   1  10   1   0   1   1  0.28 0.10
  479 N    -1   0   3   0  -3   1   1   0  -1  -3  -3   2  -2  -3   3   0   0   3  -2  -2    4   1  26   1   0   6   9   4   0   1   1  16   0   1  15   3   6   5   0   1  0.33 0.10
  480 S     0  -1   3   3   1  -1   0   1   1  -3  -3   0  -2  -3  -2   1   1  -3  -2  -2    3   1  23  18   5   1   1  13   3   1   1   4   0   1   1  14   9   0   0   1  0.28 0.09
  481 P     0  -1  -1  -2  -2   1  -1  -2   2  -1  -1   1  -1  -2   4  -1   0  -2   1   1    7   1   1   1   0   7   1   1   9   1   8  16   0   1  24   1   4   0   5  14  0.28 0.09
  482 V     0  -2  -2  -3  -1  -2  -2  -1  -3   1   3  -2   2  -1   0  -1   1  -2  -2   2    6   1   0   1   0   0   1   5   0   7  36   1   9   0   4   1   9   0   0  19  0.19 0.08
  483 Y     0   0  -1   1  -3   0   1  -2   2   1  -2   3  -1   0  -2  -1  -1  -2   2  -1    7   0   0   8   0   0   9   0   6  15   0  38   0   5   0   0   0   0  10   0  0.21 0.13
  484 L    -2   0  -3  -4  -2  -2  -3  -4  -2   1   2  -2   5   4   0  -2  -2  -2   0   1    0   8   0   0   0   0   0   0   0   7  14   0  28  24   5   0   0   0   0  11  0.35 0.15
  485 V     0   1  -1   1  -2   1   2  -2  -1  -2  -2   2  -2  -3  -2   2   0  -3  -2   0    7   5   0   6   0   5  14   0   0   0   0  23   0   0   0  26   0   0   0  13  0.24 0.11
  486 I    -2  -2  -3  -3  -2  -2  -3  -4  -3   4   2   0   1  -1  -3  -2   0  -3  -2   2    0   0   0   0   0   0   0   0   0  39  29   9   0   0   0   0   7   0   0  14  0.35 0.13
  487 E    -1   0   3  -1  -3   5   2  -2  -1  -3  -3   0  -2  -3  -2   2  -1  -3  -2  -3    1   0  16   0   0  49  12   1   0   0   1   1   0   0   0  17   1   0   0   1  0.62 0.20
  488 L     0  -3  -3  -3  -2  -2  -3  -3  -3   2   4  -3   1  -1  -3  -2  -1  -2  -2   1    8   0   0   0   0   0   1   1   0  15  64   1   0   0   0   1   1   0   0   7  0.46 0.15
  489 F    -2  -3  -3  -4  -3  -3  -3  -3  -1  -1   0  -3  -1   5  -3   0  -2   3   5   0    0   0   0   0   0   0   0   0   0   0  10   0   0  36   0   9   0   4  32   6  0.67 0.19
  490 S     0   1  -1  -1  -3   5   3  -2  -1  -3  -2   2  -2  -3  -2   1  -1  -3  -2  -3    5   4   0   0   0  41  26   0   0   0   3   9   0   0   0   9   0   0   0   0  0.56 0.18
  491 I    -1  -2  -3  -3  -2  -2  -3  -3  -3   2   2  -2   4  -1  -3  -2   0  -3  -2   3    4   0   0   0   0   0   0   0   0  11  20   0  21   0   0   0   7   0   0  34  0.35 0.12
  492 G     0   1   0   4  -3   0   3   1  -1  -3  -3   0   0  -3  -2  -1  -1  -3  -3  -3   11  10   0  29   0   0  30  12   0   0   0   0   5   0   0   0   0   0   0   0  0.40 0.12
  493 P    -1  -1   1   1  -2   0   1  -1   2  -2  -2  -1  -2  -3   4   2   1  -3  -2  -2    1   1   6   7   0   4   8   1   6   1   1   1   0   1  24  25  10   0   1   1  0.41 0.09
  494 S    -1   2   2   1  -3   1   1   1  -1  -3  -1   1  -2  -3  -2   1  -1  -3  -2  -2    0  17  13   8   0   5  13  11   0   0   9   5   0   0   0  19   0   0   0   0  0.23 0.08
  495 A     1   0   2   0   2   0  -1   0  -1  -2  -1   2  -1  -3  -2   0   0  -3  -2  -1   12   4  19   6   5   0   0   5   0   0   7  21   0   0   0   6   7   0   0   6  0.13 0.07
  496 S    -2   1  -3  -4  -3  -2  -3  -4   0   1  -1  -2   1   2  -4  -1   0   0   6  -1    0   9   0   0   0   0   0   0   0  15   0   0   5   5   0   6   5   0  53   0  0.65 0.21
  497 V    -2  -3  -4  -3  -2  -2   0  -4  -3   1   4  -3   4  -1  -3  -3  -2  -3  -2   1    0   0   0   0   0   0   9   0   0   0  67   0  17   0   0   0   0   0   0   6  0.57 0.19
  498 I    -2  -3  -4  -4  -2  -3  -4  -4  -4   2   4  -3   1  -1  -4  -3  -1  -3  -2   3    0   0   0   0   0   0   0   0   0   6  56   0   0   0   0   0   0   0   0  38  0.60 0.18
  499 D    -3  -2   0   7  -5   2   2  -3  -2  -4  -5  -1  -4  -5  -3  -1  -2  -5  -4  -4    0   0   0  81   0   9   7   0   0   0   0   0   0   0   0   3   0   0   0   0  1.24 0.27
  500 I    -1  -3  -3  -3  -2  -2   0  -3  -2   2   1  -2   2   5  -3  -2  -2  -1   1   1    6   0   0   0   0   0  10   1   0  14   7   0   7  42   0   0   0   0   0  10  0.34 0.12
  501 R    -2   5   2  -1  -4   2   0  -2  -1  -3  -3   4  -2  -3  -2  -1  -1  -3  -2  -3    1  39  10   0   0  10   0   1   0   0   1  35   0   0   0   0   0   0   0   0  0.63 0.16
  502 F    -2  -2   2  -2   2  -2  -2   0   1  -1   1   0   0   4  -3   0  -1  -1   0  -1    0   0  16   0   6   0   0   7   5   0  19   7   0  32   0   6   0   0   0   0  0.19 0.08
  503 S     0   3   0   2  -2   0  -1  -2  -1  -3  -1   0  -2  -3  -2   4   0  -3  -2  -2    0  26   0  12   0   0   0   0   0   0   7   0   0   0   0  53   0   0   0   0  0.42 0.13
  504 S     0  -1  -1  -2  -2  -1  -1   3  -2   0  -2   2  -1   1  -2   2   1  -3  -1  -1    0   0   0   0   0   0   0  28   0  11   0  19   0   9   0  20  12   0   0   0  0.22 0.08
  505 S     0  -2  -2  -2  -2  -2  -1   3  -2   1   0  -2  -1  -1  -3   0  -1   6   1   0    6   0   0   0   0   0   6  26   0  13  11   0   0   0   0   8   0  16   5   9  0.30 0.07
  506 D    -2  -2   1   6  -5   0   4  -2  -2  -4  -4  -1  -4  -4  -2  -1  -2  -5  -4  -4    0   0   4  68   0   0  29   0   0   0   0   0   0   0   0   0   0   0   0   0  1.08 0.18
  507 D    -1  -1   3   4  -3   1   1  -2   2  -3  -3  -1   0  -3  -2   1   0  -4  -2  -3    0   0  15  41   0   5   8   0   7   0   0   0   5   0   0  11   7   0   0   0  0.46 0.07
  508 S     1  -1   0   0  -2   0   2   1  -1  -3  -3  -1  -2  -3  -1   3   1  -3  -2  -2   13   0   0   0   0   0  20   8   0   0   0   0   0   0   0  46   5   0   0   0  0.31 0.08
  509 I    -1  -1  -2  -2  -2  -1   1  -3  -2   3   2   1   2  -1  -3  -2  -1  -3  -2   1    0   0   0   0   0   0  12   0   0  35  20  17   9   0   0   0   0   0   0   7  0.18 0.05
  510 K    -1  -1   0   4  -3   0   2  -2  -1  -2  -3   1  -2  -3  -2   1   1  -4  -3  -1    0   0   0  45   0   0   9   0   0   0   0  13   0   0   0  18   7   0   0   8  0.42 0.05
  511 Y    -1  -1  -1   2  -4   3   4  -3   0  -3  -3   0  -2  -2  -2  -1  -1  -2   2  -3    0   0   0  10   0  19  56   0   0   0   0   0   0   0   0   0   0   0  14   0  0.60 0.07
  512 T     0  -1  -1  -2  -2   1  -1  -2  -2   0   1   1   2  -2  -2   0   3  -3  -2   1    9   0   0   0   0   9   0   0   0   0  10  10  15   0   0   0  33   0   0  14  0.16 0.04
  513 S     0   2   0  -1  -2   0   1   2  -1  -3  -3   2  -2  -3  -1   2   0  -3  -2  -3    0  11   0   0   0   0  12  17   0   0   0  24   0   0   0  36   0   0   0   0  0.32 0.03
  514 S     1  -1   0  -1  -1  -1  -1  -1  -1  -1  -2  -1  -1  -2  -1   3   2  -2  -2   0    1   1   1   1   0   1   1   1   0   1   1   1   0   0   1  58  19   0   0  13  0.30 0.04
  515 Y    -1  -2  -1  -2  -2  -2  -2   2  -1  -1  -1  -2  -1   4  -2  -1   1   0   4  -1    1   1   1   1   0   1   1  23   0   1   1   1   0  36   1   1  13   0  18   1  0.31 0.03
  516 S     1  -1   0  -1  -1  -1  -1  -1  -1  -3  -3  -1  -2  -3  -1   5   2  -3  -2  -2    0   0   0   0   0   0   0   0   0   0   0   0   0   0   0  89  11   0   0   0  0.59 0.07
  517 P     3  -2  -1  -2  -1  -1  -1  -1  -2  -2  -2  -1  -2  -3   5   2   0  -3  -2  -1   46   0   0   0   0   0   0   0   0   0   0   0   0   0  30  24   0   0   0   0  0.61 0.05
  518 M    -2  -2  -2  -3  -2  -2  -2  -3   0  -1   0  -2   3   4  -3  -1   2   1   5  -1    0   0   0   0   0   0   0   0   0   0   0   0  18  25   0   0  22   0  35   0  0.44 0.05
  519 P    -1  -3  -3  -2  -3  -2  -2  -3  -3  -3  -4  -2  -3  -4   8  -1  -2  -4  -4  -3    0   0   0   0   0   0   0   0   0   0   0   0   0   0 100   0   0   0   0   0  2.26 0.10
  520 F    -3  -3  -4  -4  -3  -4  -4  -4  -2   0   0  -4   0   7  -4  -3  -3   1   3  -1    0   0   0   0   0   0   0   0   0   0   0   0   0 100   0   0   0   0   0   0  0.99 0.06
  521 L    -2  -3  -4  -4  -2  -3  -3  -4  -3   1   5  -3   2   0  -3  -3  -2  -2  -1   1    0   0   0   0   0   0   0   0   0   0 100   0   0   0   0   0   0   0   0   0  0.57 0.04
  522 E    -2  -1   0   4  -4   0   3  -2   6  -4  -3  -1  -2  -3  -2  -1  -2  -3   0  -3    0   0   0  32   0   0  22   0  45   0   0   0   0   0   0   0   0   0   0   0  0.65 0.04
  523 V    -1  -2  -3  -4  -1  -2  -3  -4  -3   2   4  -3   3   0  -3  -2  -1  -2  -1   2    0   0   0   0   0   0   0   0   0   0  62   0  16   0   0   0   0   0   0  22  0.39 0.03
  524 V     2  -2  -2  -2   4  -2  -2  -1  -2   0  -1  -2  -1  -2  -2   0   2  -3  -2   1   38   0   0   0  17   0   0   0   0   0   0   0   0   0   0   0  23   0   0  22  0.26 0.02
  525 K     2   0  -1  -1  -1   0  -1  -1  -2  -2  -2   2  -1  -3  -1   1   3  -3  -2  -1   32   0   0   0   0   0   0   0   0   0   0  22   0   0   0   0  45   0   0   0  0.30 0.03
  526 Q    -1   3  -1  -1  -3   3   0  -2  -1  -2  -1   3   2  -3  -2  -1  -1  -3  -2  -2    0  22   0   0   0  22   0   0   0   0   0  39  17   0   0   0   0   0   0   0  0.38 0.03
  527 L    -2  -3  -4  -4  -2  -3  -3  -4  -3   1   5  -3   2   0  -3  -3  -2  -2  -1   1    0   0   0   0   0   0   0   0   0   0 100   0   0   0   0   0   0   0   0   0  0.57 0.04
  528 I    -1  -3  -4  -4  -1  -3  -3  -4  -4   5   1  -3   1  -1  -3  -3  -1  -3  -2   3    0   0   0   0   0   0   0   0   0  83   0   0   0   0   0   0   0   0   0  17  0.49 0.04
  529 L    -1  -2  -3  -4   4  -1  -3  -3  -2   1   2  -2   6   0  -3  -2  -1  -2  -2   0    0   0   0   0  17   0   0   0   0   0  22   0  61   0   0   0   0   0   0   0  0.45 0.05
  530 K    -1   1   0   0  -4   3   4  -2   0  -3  -3   3  -2  -4  -1   0  -1  -3  -2  -3    0   0   0   0   0  16  45   0   0   0   0  39   0   0   0   0   0   0   0   0  0.55 0.03
  531 I    -2  -3  -4  -4  -2  -3  -3  -4  -3   3   4  -3   2   0  -3  -3  -1  -2  -1   1    0   0   0   0   0   0   0   0   0  22  78   0   0   0   0   0   0   0   0   0  0.48 0.03
  532 A     5  -2  -2  -2  -1  -1  -1   0  -2  -2  -2  -1  -1  -3  -1   1   0  -3  -2   0  100   0   0   0   0   0   0   0   0   0   0   0   0   0   0   0   0   0   0   0  0.49 0.03

                      K         Lambda
Standard Ungapped    0.1343     0.3194
Standard Gapped      0.0483     0.2670
PSI Ungapped         0.1578     0.3176
PSI Gapped           0.0483     0.2670
